0.000, 0.75, 1.62
0.004, 0.75, 1.62
0.009, 0.75, 1.62
0.014, 0.75, 1.62
0.019, 0.75, 1.62
0.024, 0.75, 1.62
0.029, 0.75, 1.62
0.034, 0.75, 1.62
0.039, 0.75, 1.62
0.044, 0.75, 1.62
0.050, 0.75, 1.62
0.054, 0.75, 1.62
0.059, 0.75, 1.62
0.065, 0.75, 1.62
0.070, 0.75, 1.62
0.074, 0.75, 1.62
0.079, 0.75, 1.62
0.085, 0.75, 1.62
0.090, 0.75, 1.62
0.095, 0.75, 1.62
0.100, 0.75, 1.62
0.105, 0.75, 1.62
0.110, 0.75, 1.62
0.115, 0.75, 1.62
0.120, 0.75, 1.62
0.125, 0.75, 1.62
0.130, 0.75, 1.62
0.135, 0.75, 1.62
0.140, 0.75, 1.62
0.145, 0.75, 1.62
0.150, 0.75, 1.62
0.155, 0.75, 1.62
0.160, 0.75, 1.62
0.165, 0.75, 1.62
0.170, 0.75, 1.62
0.175, 0.75, 1.62
0.180, 0.75, 1.62
0.185, 0.75, 1.62
0.190, 0.75, 1.62
0.195, 0.75, 1.62
0.200, 0.75, 1.62
0.205, 0.75, 1.62
0.210, 0.75, 1.62
0.215, 0.75, 1.62
0.220, 0.75, 1.62
0.225, 0.75, 1.62
0.230, 0.75, 1.62
0.235, 0.75, 1.62
0.240, 0.75, 1.62
0.245, 0.75, 1.62
0.250, 0.75, 1.62
0.255, 0.75, 1.62
0.260, 0.75, 1.62
0.265, 0.75, 1.62
0.270, 0.75, 1.62
0.275, 0.75, 1.62
0.280, 0.75, 1.62
0.285, 0.75, 1.62
0.290, 0.75, 1.62
0.295, 0.75, 1.62
0.300, 0.75, 1.62
0.305, 0.75, 1.62
0.311, 0.75, 1.62
0.316, 0.75, 1.62
0.321, 0.75, 1.62
0.326, 0.75, 1.62
0.331, 0.75, 1.62
0.336, 0.75, 1.62
0.341, 0.75, 1.62
0.346, 0.75, 1.62
0.351, 0.75, 1.62
0.356, 0.75, 1.62
0.361, 0.75, 1.62
0.366, 0.75, 1.62
0.371, 0.75, 1.62
0.376, 0.75, 1.62
0.381, 0.75, 1.62
0.386, 0.75, 1.62
0.391, 0.75, 1.62
0.396, 0.75, 1.62
0.401, 0.75, 1.62
0.406, 0.75, 1.62
0.411, 0.75, 1.62
0.416, 0.75, 1.62
0.421, 0.75, 1.62
0.426, 0.75, 1.62
0.431, 0.75, 1.62
0.436, 0.75, 1.62
0.441, 0.75, 1.62
0.446, 0.75, 1.62
0.451, 0.75, 1.62
0.456, 0.75, 1.62
0.461, 0.75, 1.62
0.466, 0.75, 1.62
0.471, 0.75, 1.62
0.476, 0.75, 1.62
0.481, 0.75, 1.62
0.486, 0.75, 1.62
0.491, 0.75, 1.62
0.496, 0.75, 1.62
0.502, 0.75, 1.62
0.506, 0.75, 1.62
0.511, 0.75, 1.62
0.517, 0.75, 1.62
0.521, 0.75, 1.62
0.526, 0.75, 1.62
0.532, 0.75, 1.62
0.536, 0.75, 1.62
0.541, 0.75, 1.62
0.546, 0.75, 1.62
0.551, 0.75, 1.62
0.556, 0.75, 1.62
0.561, 0.75, 1.62
0.566, 0.75, 1.62
0.571, 0.75, 1.62
0.576, 0.75, 1.62
0.581, 0.75, 1.62
0.587, 0.75, 1.62
0.592, 0.75, 1.62
0.596, 0.75, 1.62
0.602, 0.75, 1.62
0.606, 0.75, 1.62
0.612, 0.75, 1.62
0.617, 0.75, 1.62
0.622, 0.75, 1.62
0.627, 0.75, 1.62
0.632, 0.75, 1.62
0.637, 0.75, 1.62
0.642, 0.75, 1.62
0.647, 0.75, 1.62
0.652, 0.75, 1.62
0.657, 0.75, 1.62
0.662, 0.75, 1.62
0.667, 0.75, 1.62
0.672, 0.75, 1.62
0.677, 0.75, 1.62
0.682, 0.75, 1.62
0.687, 0.75, 1.62
0.692, 0.75, 1.62
0.697, 0.75, 1.62
0.702, 0.75, 1.62
0.707, 0.75, 1.62
0.712, 0.75, 1.62
0.717, 0.75, 1.62
0.722, 0.75, 1.62
0.727, 0.75, 1.62
0.732, 0.75, 1.62
0.737, 0.75, 1.62
0.742, 0.75, 1.62
0.747, 0.75, 1.62
0.752, 0.75, 1.62
0.757, 0.75, 1.62
0.767, 0.75, 1.62
0.768, 0.75, 1.62
0.772, 0.75, 1.62
0.777, 0.75, 1.62
0.782, 0.75, 1.62
0.787, 0.75, 1.62
0.792, 0.75, 1.62
0.797, 0.75, 1.62
0.802, 0.75, 1.62
0.807, 0.75, 1.62
0.812, 0.75, 1.62
0.817, 0.75, 1.62
0.822, 0.75, 1.62
0.827, 0.75, 1.62
0.832, 0.75, 1.62
0.837, 0.75, 1.62
0.842, 0.75, 1.62
0.847, 0.75, 1.62
0.852, 0.75, 1.62
0.857, 0.75, 1.62
0.862, 0.75, 1.62
0.868, 0.75, 1.62
0.873, 0.75, 1.62
0.878, 0.75, 1.62
0.883, 0.75, 1.62
0.888, 0.75, 1.62
0.893, 0.75, 1.62
0.898, 0.75, 1.62
0.903, 0.75, 1.62
0.908, 0.75, 1.62
0.912, 0.75, 1.62
0.918, 0.75, 1.62
0.923, 0.75, 1.62
0.928, 0.75, 1.62
0.933, 0.75, 1.62
0.938, 0.75, 1.62
0.943, 0.75, 1.62
0.948, 0.75, 1.62
0.953, 0.75, 1.62
0.958, 0.75, 1.62
0.963, 0.75, 1.62
0.968, 0.75, 1.62
0.973, 0.75, 1.62
0.978, 0.75, 1.62
0.983, 0.75, 1.62
0.988, 0.75, 1.62
0.993, 0.75, 1.62
0.998, 0.75, 1.62
1.003, 0.75, 1.62
1.008, 0.75, 1.62
1.013, 0.75, 1.62
1.018, 0.75, 1.62
1.023, 0.75, 1.62
1.028, 0.75, 1.62
1.033, 0.75, 1.62
1.038, 0.75, 1.62
1.043, 0.75, 1.62
1.048, 0.75, 1.62
1.053, 0.75, 1.62
1.059, 0.75, 1.62
1.063, 0.75, 1.62
1.069, 0.75, 1.62
1.073, 0.75, 1.62
1.078, 0.75, 1.62
1.083, 0.75, 1.62
1.088, 0.75, 1.62
1.094, 0.75, 1.62
1.099, 0.75, 1.62
1.104, 0.75, 1.62
1.108, 0.75, 1.62
1.113, 0.75, 1.62
1.118, 0.75, 1.62
1.123, 0.75, 1.62
1.128, 0.75, 1.62
1.133, 0.75, 1.62
1.139, 0.75, 1.62
1.143, 0.75, 1.62
1.148, 0.75, 1.62
1.153, 0.75, 1.62
1.158, 0.75, 1.62
1.163, 0.75, 1.62
1.168, 0.75, 1.62
1.173, 0.75, 1.62
1.178, 0.75, 1.62
1.184, 0.75, 1.62
1.189, 0.75, 1.62
1.194, 0.75, 1.62
1.199, 0.75, 1.62
1.204, 0.75, 1.62
1.209, 0.75, 1.62
1.214, 0.75, 1.62
1.219, 0.75, 1.62
1.224, 0.75, 1.62
1.229, 0.75, 1.62
1.234, 0.75, 1.62
1.239, 0.75, 1.62
1.244, 0.75, 1.62
1.249, 0.75, 1.62
1.254, 0.75, 1.62
1.259, 0.75, 1.62
1.264, 0.75, 1.62
1.269, 0.75, 1.62
1.274, 0.75, 1.62
1.279, 0.75, 1.62
1.284, 0.75, 1.62
1.289, 0.75, 1.62
1.294, 0.75, 1.62
1.299, 0.75, 1.62
1.304, 0.75, 1.62
1.309, 0.75, 1.62
1.314, 0.75, 1.62
1.319, 0.75, 1.62
1.324, 0.75, 1.62
1.329, 0.75, 1.62
1.334, 0.75, 1.62
1.339, 0.75, 1.62
1.344, 0.75, 1.62
1.349, 0.75, 1.62
1.354, 0.75, 1.62
1.359, 0.75, 1.62
1.364, 0.75, 1.62
1.369, 0.75, 1.62
1.374, 0.75, 1.62
1.379, 0.75, 1.62
1.384, 0.75, 1.62
1.389, 0.75, 1.62
1.394, 0.75, 1.62
1.399, 0.75, 1.62
1.404, 0.75, 1.62
1.409, 0.75, 1.62
1.415, 0.75, 1.62
1.420, 0.75, 1.62
1.425, 0.75, 1.62
1.430, 0.75, 1.62
1.435, 0.75, 1.62
1.440, 0.75, 1.62
1.445, 0.75, 1.62
1.450, 0.75, 1.62
1.455, 0.75, 1.62
1.460, 0.75, 1.62
1.465, 0.75, 1.62
1.470, 0.75, 1.62
1.475, 0.75, 1.62
1.480, 0.75, 1.62
1.485, 0.75, 1.62
1.490, 0.75, 1.62
1.495, 0.75, 1.62
1.500, 0.75, 1.62
1.505, 0.75, 1.62
1.510, 0.75, 1.62
1.515, 0.75, 1.62
1.520, 0.75, 1.62
1.525, 0.75, 1.62
1.530, 0.75, 1.62
1.535, 0.75, 1.62
1.540, 0.75, 1.62
1.545, 0.75, 1.62
1.550, 0.75, 1.62
1.555, 0.75, 1.62
1.560, 0.75, 1.62
1.565, 0.75, 1.62
1.570, 0.75, 1.62
1.575, 0.75, 1.62
1.580, 0.75, 1.62
1.585, 0.75, 1.62
1.590, 0.75, 1.62
1.595, 0.75, 1.62
1.600, 0.75, 1.62
1.606, 0.75, 1.62
1.611, 0.75, 1.62
1.616, 0.75, 1.62
1.621, 0.75, 1.62
1.625, 0.75, 1.62
1.631, 0.75, 1.62
1.636, 0.75, 1.62
1.640, 0.75, 1.62
1.645, 0.75, 1.62
1.650, 0.75, 1.62
1.655, 0.75, 1.62
1.660, 0.75, 1.62
1.665, 0.75, 1.62
1.671, 0.75, 1.62
1.675, 0.75, 1.62
1.680, 0.75, 1.62
1.685, 0.75, 1.62
1.691, 0.75, 1.62
1.695, 0.75, 1.62
1.700, 0.75, 1.62
1.706, 0.75, 1.62
1.710, 0.75, 1.62
1.716, 0.75, 1.62
1.721, 0.75, 1.62
1.726, 0.75, 1.62
1.731, 0.75, 1.62
1.736, 0.75, 1.62
1.741, 0.75, 1.62
1.746, 0.75, 1.62
1.751, 0.75, 1.62
1.756, 0.75, 1.62
1.765, 0.75, 1.62
1.766, 0.75, 1.62
1.771, 0.75, 1.62
1.776, 0.75, 1.62
1.781, 0.75, 1.62
1.786, 0.75, 1.62
1.791, 0.75, 1.62
1.796, 0.75, 1.62
1.801, 0.75, 1.62
1.806, 0.75, 1.62
1.811, 0.75, 1.62
1.816, 0.75, 1.62
1.821, 0.75, 1.62
1.826, 0.75, 1.62
1.831, 0.75, 1.62
1.836, 0.75, 1.62
1.841, 0.75, 1.62
1.846, 0.75, 1.62
1.851, 0.75, 1.62
1.856, 0.75, 1.62
1.861, 0.75, 1.62
1.866, 0.75, 1.62
1.871, 0.75, 1.62
1.876, 0.75, 1.62
1.881, 0.75, 1.62
1.886, 0.75, 1.62
1.891, 0.75, 1.62
1.896, 0.75, 1.62
1.901, 0.75, 1.62
1.906, 0.75, 1.62
1.912, 0.75, 1.62
1.916, 0.75, 1.62
1.921, 0.75, 1.62
1.926, 0.75, 1.62
1.931, 0.75, 1.62
1.936, 0.75, 1.62
1.941, 0.75, 1.62
1.946, 0.75, 1.62
1.951, 0.75, 1.62
1.956, 0.75, 1.62
1.962, 0.75, 1.62
1.967, 0.75, 1.62
1.972, 0.75, 1.62
1.977, 0.75, 1.62
1.982, 0.75, 1.62
1.987, 0.75, 1.62
1.992, 0.75, 1.62
1.997, 0.75, 1.62
2.002, 0.75, 1.62
2.007, 0.75, 1.62
2.012, 0.75, 1.62
2.017, 0.75, 1.62
2.022, 0.75, 1.62
2.027, 0.75, 1.62
2.032, 0.75, 1.62
2.037, 0.75, 1.62
2.042, 0.75, 1.62
2.047, 0.75, 1.62
2.052, 0.75, 1.62
2.057, 0.75, 1.62
2.062, 0.75, 1.62
2.067, 0.75, 1.62
2.072, 0.75, 1.62
2.077, 0.75, 1.62
2.082, 0.75, 1.62
2.087, 0.75, 1.62
2.092, 0.75, 1.62
2.097, 0.75, 1.62
2.102, 0.75, 1.62
2.107, 0.75, 1.62
2.112, 0.75, 1.62
2.117, 0.75, 1.62
2.122, 0.75, 1.62
2.127, 0.75, 1.62
2.132, 0.75, 1.62
2.137, 0.75, 1.62
2.142, 0.75, 1.62
2.147, 0.75, 1.62
2.152, 0.75, 1.62
2.158, 0.75, 1.62
2.163, 0.75, 1.62
2.168, 0.75, 1.62
2.173, 0.75, 1.62
2.178, 0.75, 1.62
2.183, 0.75, 1.62
2.187, 0.75, 1.62
2.193, 0.75, 1.62
2.197, 0.75, 1.62
2.202, 0.75, 1.62
2.207, 0.75, 1.62
2.213, 0.75, 1.62
2.218, 0.75, 1.62
2.222, 0.75, 1.62
2.227, 0.75, 1.62
2.233, 0.75, 1.62
2.238, 0.75, 1.62
2.243, 0.75, 1.62
2.248, 0.75, 1.62
2.253, 0.75, 1.62
2.257, 0.75, 1.62
2.263, 0.75, 1.62
2.268, 0.75, 1.62
2.273, 0.75, 1.62
2.278, 0.75, 1.62
2.283, 0.75, 1.62
2.288, 0.75, 1.62
2.293, 0.75, 1.62
2.298, 0.75, 1.62
2.303, 0.75, 1.62
2.308, 0.75, 1.62
2.313, 0.75, 1.62
2.318, 0.75, 1.62
2.323, 0.75, 1.62
2.328, 0.75, 1.62
2.333, 0.75, 1.62
2.338, 0.75, 1.62
2.343, 0.75, 1.62
2.348, 0.75, 1.62
2.353, 0.75, 1.62
2.358, 0.75, 1.62
2.363, 0.75, 1.62
2.368, 0.75, 1.62
2.373, 0.75, 1.62
2.378, 0.75, 1.62
2.383, 0.75, 1.62
2.388, 0.75, 1.62
2.393, 0.75, 1.62
2.398, 0.75, 1.62
2.403, 0.75, 1.62
2.408, 0.75, 1.62
2.413, 0.75, 1.62
2.418, 0.75, 1.62
2.423, 0.75, 1.62
2.428, 0.75, 1.62
2.433, 0.75, 1.62
2.438, 0.75, 1.62
2.443, 0.75, 1.62
2.448, 0.75, 1.62
2.453, 0.75, 1.62
2.458, 0.75, 1.62
2.463, 0.75, 1.62
2.468, 0.75, 1.62
2.473, 0.75, 1.62
2.478, 0.75, 1.62
2.483, 0.75, 1.62
2.488, 0.75, 1.62
2.493, 0.75, 1.62
2.499, 0.75, 1.62
2.503, 0.75, 1.62
2.509, 0.75, 1.62
2.513, 0.75, 1.62
2.519, 0.75, 1.62
2.524, 0.75, 1.62
2.529, 0.75, 1.62
2.534, 0.75, 1.62
2.539, 0.75, 1.69
2.544, 0.75, 1.69
2.549, 0.75, 1.69
2.554, 0.75, 1.69
2.559, 0.75, 1.69
2.564, 0.75, 1.69
2.569, 0.75, 1.69
2.574, 0.75, 1.69
2.579, 0.75, 1.69
2.584, 0.75, 1.69
2.589, 0.75, 1.69
2.594, 0.75, 1.69
2.599, 0.75, 1.69
2.604, 0.75, 1.69
2.609, 0.75, 1.69
2.614, 0.75, 1.69
2.619, 0.75, 1.69
2.624, 0.75, 1.69
2.629, 0.75, 1.69
2.634, 0.75, 1.69
2.639, 0.75, 1.69
2.644, 0.75, 1.69
2.649, 0.75, 1.69
2.654, 0.75, 1.69
2.659, 0.69, 1.69
2.664, 0.69, 1.69
2.669, 0.69, 1.69
2.674, 0.69, 1.69
2.679, 0.69, 1.69
2.684, 0.69, 1.69
2.689, 0.69, 1.69
2.694, 0.69, 1.69
2.699, 0.69, 1.75
2.704, 0.69, 1.75
2.710, 0.69, 1.75
2.715, 0.69, 1.75
2.720, 0.69, 1.75
2.725, 0.69, 1.75
2.730, 0.69, 1.75
2.734, 0.69, 1.75
2.739, 0.75, 1.81
2.745, 0.75, 1.81
2.750, 0.75, 1.81
2.754, 0.75, 1.81
2.767, 0.75, 1.81
2.767, 0.75, 1.81
2.769, 0.75, 1.81
2.775, 0.75, 1.81
2.780, 0.75, 1.81
2.784, 0.75, 1.81
2.790, 0.75, 1.81
2.794, 0.75, 1.81
2.800, 0.75, 1.81
2.805, 0.75, 1.81
2.810, 0.75, 1.81
2.815, 0.75, 1.81
2.820, 0.69, 1.88
2.825, 0.69, 1.88
2.830, 0.69, 1.88
2.835, 0.69, 1.88
2.840, 0.69, 1.88
2.845, 0.69, 1.88
2.850, 0.69, 1.88
2.855, 0.69, 1.88
2.860, 0.69, 2.06
2.865, 0.69, 2.06
2.870, 0.69, 2.06
2.875, 0.69, 2.06
2.880, 0.69, 2.06
2.885, 0.69, 2.06
2.890, 0.69, 2.06
2.896, 0.69, 2.06
2.900, 0.69, 2.19
2.905, 0.69, 2.19
2.910, 0.69, 2.19
2.915, 0.69, 2.19
2.920, 0.69, 2.19
2.925, 0.69, 2.19
2.930, 0.69, 2.19
2.935, 0.69, 2.19
2.940, 0.69, 2.56
2.945, 0.69, 2.56
2.950, 0.69, 2.56
2.955, 0.69, 2.56
2.960, 0.69, 2.56
2.965, 0.69, 2.56
2.970, 0.69, 2.56
2.975, 0.69, 2.56
2.980, 0.69, 3.00
2.985, 0.69, 3.00
2.990, 0.69, 3.00
2.995, 0.69, 3.00
3.000, 0.69, 3.00
3.005, 0.69, 3.00
3.010, 0.69, 3.00
3.015, 0.69, 3.00
3.021, 0.75, 3.69
3.026, 0.75, 3.69
3.030, 0.75, 3.69
3.036, 0.75, 3.69
3.040, 0.75, 3.69
3.046, 0.75, 3.69
3.051, 0.75, 3.69
3.056, 0.75, 3.69
3.061, 0.81, 4.50
3.066, 0.81, 4.50
3.071, 0.81, 4.50
3.076, 0.81, 4.50
3.081, 0.81, 4.50
3.086, 0.81, 4.50
3.091, 0.81, 4.50
3.096, 0.81, 4.50
3.101, 0.88, 5.38
3.106, 0.88, 5.38
3.111, 0.88, 5.38
3.116, 0.88, 5.38
3.121, 0.88, 5.38
3.126, 0.88, 5.38
3.131, 0.88, 5.38
3.136, 0.88, 5.38
3.141, 0.88, 6.31
3.146, 0.88, 6.31
3.151, 0.88, 6.31
3.156, 0.88, 6.31
3.161, 0.88, 6.31
3.166, 0.88, 6.31
3.171, 0.88, 6.31
3.176, 0.88, 6.31
3.181, 0.94, 7.38
3.186, 0.94, 7.38
3.191, 0.94, 7.38
3.196, 0.94, 7.38
3.201, 0.94, 7.38
3.206, 0.94, 7.38
3.211, 0.94, 7.38
3.216, 0.94, 7.38
3.221, 0.94, 8.44
3.226, 0.94, 8.44
3.231, 0.94, 8.44
3.236, 0.94, 8.44
3.241, 0.94, 8.44
3.246, 0.94, 8.44
3.251, 0.94, 8.44
3.256, 0.94, 8.44
3.262, 1.00, 9.50
3.267, 1.00, 9.50
3.272, 1.00, 9.50
3.277, 1.00, 9.50
3.282, 1.00, 9.50
3.287, 1.00, 9.50
3.292, 1.00, 9.50
3.297, 1.00, 9.50
3.302, 1.00, 10.44
3.306, 1.00, 10.44
3.312, 1.00, 10.44
3.317, 1.00, 10.44
3.322, 1.00, 10.44
3.327, 1.00, 10.44
3.332, 1.00, 10.44
3.337, 1.00, 10.44
3.342, 1.06, 11.31
3.347, 1.06, 11.31
3.352, 1.06, 11.31
3.357, 1.06, 11.31
3.362, 1.06, 11.31
3.367, 1.06, 11.31
3.372, 1.06, 11.31
3.377, 1.06, 11.31
3.382, 1.06, 12.06
3.387, 1.06, 12.06
3.392, 1.06, 12.06
3.397, 1.06, 12.06
3.402, 1.06, 12.06
3.407, 1.06, 12.06
3.412, 1.06, 12.06
3.417, 1.06, 12.06
3.422, 1.06, 12.69
3.427, 1.06, 12.69
3.432, 1.06, 12.69
3.437, 1.06, 12.69
3.442, 1.06, 12.69
3.447, 1.06, 12.69
3.452, 1.06, 12.69
3.457, 1.06, 12.69
3.462, 1.06, 13.25
3.467, 1.06, 13.25
3.472, 1.06, 13.25
3.477, 1.06, 13.25
3.482, 1.06, 13.25
3.487, 1.06, 13.25
3.492, 1.06, 13.25
3.497, 1.06, 13.25
3.502, 1.06, 13.75
3.507, 1.06, 13.75
3.512, 1.06, 13.75
3.517, 1.06, 13.75
3.522, 1.06, 13.75
3.527, 1.06, 13.75
3.532, 1.06, 13.75
3.537, 1.06, 13.75
3.542, 1.06, 14.06
3.547, 1.06, 14.06
3.552, 1.06, 14.06
3.557, 1.06, 14.06
3.562, 1.06, 14.06
3.567, 1.06, 14.06
3.572, 1.06, 14.06
3.577, 1.06, 14.06
3.582, 1.06, 14.44
3.587, 1.06, 14.44
3.592, 1.06, 14.44
3.597, 1.06, 14.44
3.603, 1.06, 14.44
3.607, 1.06, 14.44
3.613, 1.06, 14.44
3.618, 1.06, 14.44
3.623, 1.12, 14.75
3.628, 1.12, 14.75
3.633, 1.12, 14.75
3.638, 1.12, 14.75
3.643, 1.12, 14.75
3.648, 1.12, 14.75
3.653, 1.12, 14.75
3.658, 1.12, 14.75
3.663, 1.12, 15.00
3.668, 1.12, 15.00
3.673, 1.12, 15.00
3.678, 1.12, 15.00
3.683, 1.12, 15.00
3.688, 1.12, 15.00
3.693, 1.12, 15.00
3.698, 1.12, 15.00
3.703, 1.12, 15.19
3.708, 1.12, 15.19
3.713, 1.12, 15.19
3.718, 1.12, 15.19
3.723, 1.12, 15.19
3.728, 1.12, 15.19
3.733, 1.12, 15.19
3.738, 1.12, 15.19
3.743, 1.12, 15.44
3.748, 1.12, 15.44
3.753, 1.12, 15.44
3.766, 1.12, 15.44
3.766, 1.12, 15.44
3.768, 1.12, 15.44
3.773, 1.12, 15.44
3.778, 1.12, 15.44
3.783, 1.12, 15.69
3.788, 1.12, 15.69
3.794, 1.12, 15.69
3.798, 1.12, 15.69
3.803, 1.12, 15.69
3.808, 1.12, 15.69
3.814, 1.12, 15.69
3.819, 1.12, 15.69
3.824, 1.12, 15.69
3.829, 1.12, 15.69
3.834, 1.12, 15.69
3.839, 1.12, 15.69
3.844, 1.12, 15.69
3.849, 1.12, 15.69
3.853, 1.12, 15.69
3.858, 1.12, 15.69
3.863, 1.12, 16.12
3.869, 1.12, 16.12
3.873, 1.12, 16.12
3.879, 1.12, 16.12
3.884, 1.12, 16.12
3.889, 1.12, 16.12
3.893, 1.12, 16.31
3.899, 1.12, 16.31
3.904, 1.12, 16.31
3.909, 1.12, 16.31
3.914, 1.12, 16.31
3.919, 1.12, 16.31
3.924, 1.12, 16.31
3.929, 1.12, 16.31
3.934, 1.12, 16.56
3.939, 1.12, 16.56
3.944, 1.12, 16.56
3.949, 1.12, 16.56
3.954, 1.12, 16.56
3.959, 1.12, 16.56
3.964, 1.12, 16.56
3.969, 1.12, 16.56
3.974, 1.12, 16.81
3.979, 1.12, 16.81
3.984, 1.12, 16.81
3.989, 1.12, 16.81
3.994, 1.12, 16.81
4.000, 1.12, 16.81
4.005, 1.12, 16.81
4.009, 1.12, 16.81
4.014, 1.12, 16.81
4.019, 1.12, 16.81
4.024, 1.12, 16.81
4.029, 1.12, 16.81
4.034, 1.12, 16.81
4.039, 1.12, 16.81
4.044, 1.12, 16.81
4.049, 1.12, 16.81
4.054, 1.12, 16.81
4.059, 1.12, 16.81
4.064, 1.12, 16.81
4.069, 1.12, 16.81
4.074, 1.12, 16.81
4.079, 1.12, 16.81
4.084, 1.12, 16.81
4.089, 1.12, 16.81
4.094, 1.12, 16.81
4.099, 1.12, 16.81
4.104, 1.12, 16.81
4.109, 1.12, 16.81
4.114, 1.12, 16.81
4.119, 1.12, 16.81
4.124, 1.12, 16.81
4.129, 1.12, 16.81
4.134, 1.12, 16.81
4.139, 1.12, 16.81
4.144, 1.12, 16.81
4.149, 1.12, 16.81
4.154, 1.12, 16.81
4.160, 1.12, 16.81
4.164, 1.12, 16.81
4.170, 1.12, 16.81
4.175, 1.12, 16.81
4.180, 1.12, 16.81
4.185, 1.12, 16.81
4.190, 1.12, 16.81
4.195, 1.12, 16.81
4.200, 1.12, 16.81
4.205, 1.12, 16.81
4.210, 1.12, 16.81
4.215, 1.12, 16.81
4.220, 1.12, 16.81
4.225, 1.12, 16.81
4.230, 1.12, 16.81
4.235, 1.12, 16.81
4.240, 1.12, 16.81
4.245, 1.12, 16.81
4.250, 1.12, 16.81
4.255, 1.12, 16.81
4.260, 1.12, 16.81
4.265, 1.12, 16.81
4.270, 1.12, 16.81
4.275, 1.12, 16.81
4.280, 1.12, 16.81
4.285, 1.12, 16.81
4.290, 1.12, 16.81
4.295, 1.12, 16.81
4.300, 1.12, 16.81
4.305, 1.12, 16.81
4.310, 1.12, 16.81
4.315, 1.12, 16.81
4.320, 1.12, 16.81
4.325, 1.12, 16.81
4.330, 1.12, 16.81
4.335, 1.25, 16.19
4.340, 1.25, 16.19
4.345, 1.25, 16.19
4.350, 1.25, 16.19
4.355, 1.25, 16.19
4.360, 1.25, 16.19
4.366, 1.25, 16.19
4.371, 1.25, 16.19
4.376, 1.25, 15.81
4.381, 1.25, 15.81
4.386, 1.25, 15.81
4.391, 1.25, 15.81
4.396, 1.25, 15.81
4.400, 1.25, 15.81
4.405, 1.25, 15.81
4.411, 1.25, 15.81
4.415, 1.25, 15.38
4.420, 1.25, 15.38
4.425, 1.25, 15.38
4.431, 1.25, 15.38
4.435, 1.25, 15.38
4.441, 1.25, 15.38
4.445, 1.25, 15.38
4.451, 1.25, 15.38
4.456, 1.25, 14.94
4.461, 1.25, 14.94
4.466, 1.25, 14.94
4.471, 1.25, 14.94
4.476, 1.25, 14.94
4.481, 1.25, 14.94
4.486, 1.25, 14.94
4.491, 1.25, 14.94
4.496, 1.19, 14.56
4.501, 1.19, 14.56
4.506, 1.19, 14.56
4.511, 1.19, 14.56
4.516, 1.19, 14.56
4.521, 1.19, 14.56
4.526, 1.19, 14.56
4.531, 1.19, 14.56
4.536, 1.19, 14.12
4.541, 1.19, 14.12
4.546, 1.19, 14.12
4.551, 1.19, 14.12
4.556, 1.19, 14.12
4.561, 1.19, 14.12
4.566, 1.19, 14.12
4.571, 1.19, 14.12
4.576, 1.19, 13.88
4.581, 1.19, 13.88
4.586, 1.19, 13.88
4.591, 1.19, 13.88
4.596, 1.19, 13.88
4.601, 1.19, 13.88
4.606, 1.19, 13.88
4.611, 1.19, 13.88
4.616, 1.19, 13.38
4.621, 1.19, 13.38
4.626, 1.19, 13.38
4.631, 1.19, 13.38
4.636, 1.19, 13.38
4.641, 1.19, 13.38
4.646, 1.19, 13.38
4.652, 1.19, 13.38
4.656, 1.19, 13.12
4.662, 1.19, 13.12
4.666, 1.19, 13.12
4.671, 1.19, 13.12
4.677, 1.19, 13.12
4.682, 1.19, 13.12
4.686, 1.19, 13.12
4.691, 1.19, 13.12
4.697, 1.19, 12.81
4.702, 1.19, 12.81
4.706, 1.19, 12.81
4.711, 1.19, 12.81
4.717, 1.19, 12.81
4.722, 1.19, 12.81
4.727, 1.19, 12.81
4.732, 1.19, 12.81
4.737, 1.19, 12.50
4.742, 1.19, 12.50
4.747, 1.19, 12.50
4.752, 1.19, 12.50
4.757, 1.19, 12.50
4.764, 1.19, 12.50
4.767, 1.19, 12.50
4.772, 1.19, 12.50
4.777, 1.12, 12.12
4.782, 1.12, 12.12
4.787, 1.12, 12.12
4.792, 1.12, 12.12
4.797, 1.12, 12.12
4.802, 1.12, 12.12
4.807, 1.12, 12.12
4.812, 1.12, 12.12
4.817, 1.12, 11.75
4.822, 1.12, 11.75
4.827, 1.12, 11.75
4.832, 1.12, 11.75
4.837, 1.12, 11.75
4.842, 1.12, 11.75
4.847, 1.12, 11.75
4.852, 1.12, 11.75
4.857, 1.12, 11.38
4.862, 1.12, 11.38
4.867, 1.12, 11.38
4.872, 1.12, 11.38
4.877, 1.12, 11.38
4.882, 1.12, 11.38
4.887, 1.12, 11.38
4.892, 1.12, 11.38
4.897, 1.12, 11.00
4.902, 1.12, 11.00
4.907, 1.12, 11.00
4.913, 1.12, 11.00
4.918, 1.12, 11.00
4.923, 1.12, 11.00
4.928, 1.12, 11.00
4.933, 1.12, 11.00
4.938, 1.12, 10.62
4.943, 1.12, 10.62
4.948, 1.12, 10.62
4.953, 1.12, 10.62
4.958, 1.12, 10.62
4.963, 1.12, 10.62
4.968, 1.12, 10.62
4.973, 1.12, 10.62
4.978, 1.12, 10.19
4.983, 1.12, 10.19
4.988, 1.12, 10.19
4.993, 1.12, 10.19
4.998, 1.12, 10.19
5.003, 1.12, 10.19
5.008, 1.12, 10.19
5.013, 1.12, 10.19
5.018, 1.12, 9.81
5.023, 1.12, 9.81
5.028, 1.12, 9.81
5.033, 1.12, 9.81
5.038, 1.12, 9.81
5.043, 1.12, 9.81
5.048, 1.12, 9.81
5.053, 1.12, 9.81
5.058, 1.06, 9.44
5.063, 1.06, 9.44
5.068, 1.06, 9.44
5.073, 1.06, 9.44
5.078, 1.06, 9.44
5.083, 1.06, 9.44
5.088, 1.06, 9.44
5.093, 1.06, 9.44
5.098, 1.06, 9.19
5.104, 1.06, 9.19
5.109, 1.06, 9.19
5.113, 1.06, 9.19
5.119, 1.06, 9.19
5.123, 1.06, 9.19
5.128, 1.06, 9.19
5.133, 1.06, 9.19
5.138, 1.06, 8.88
5.143, 1.06, 8.88
5.148, 1.06, 8.88
5.153, 1.06, 8.88
5.158, 1.06, 8.88
5.163, 1.06, 8.88
5.168, 1.06, 8.88
5.173, 1.06, 8.88
5.178, 1.06, 8.62
5.183, 1.06, 8.62
5.188, 1.06, 8.62
5.193, 1.06, 8.62
5.199, 1.06, 8.62
5.203, 1.06, 8.62
5.208, 1.06, 8.62
5.213, 1.06, 8.62
5.219, 1.06, 8.38
5.223, 1.06, 8.38
5.229, 1.06, 8.38
5.233, 1.06, 8.38
5.239, 1.06, 8.38
5.244, 1.06, 8.38
5.249, 1.06, 8.38
5.253, 1.06, 8.38
5.259, 1.00, 7.94
5.264, 1.00, 7.94
5.269, 1.00, 7.94
5.274, 1.00, 7.94
5.279, 1.00, 7.94
5.284, 1.00, 7.94
5.289, 1.00, 7.94
5.294, 1.00, 7.94
5.299, 1.00, 7.38
5.304, 1.00, 7.38
5.309, 1.00, 7.38
5.314, 1.00, 7.38
5.319, 1.00, 7.38
5.324, 1.00, 7.38
5.329, 1.00, 7.38
5.334, 1.00, 7.38
5.339, 1.00, 6.75
5.344, 1.00, 6.75
5.349, 1.00, 6.75
5.354, 1.00, 6.75
5.359, 1.00, 6.75
5.364, 1.00, 6.75
5.369, 1.00, 6.75
5.374, 1.00, 6.75
5.379, 0.94, 6.12
5.384, 0.94, 6.12
5.389, 0.94, 6.12
5.394, 0.94, 6.12
5.399, 0.94, 6.12
5.404, 0.94, 6.12
5.409, 0.94, 6.12
5.414, 0.94, 6.12
5.419, 0.94, 5.69
5.424, 0.94, 5.69
5.429, 0.94, 5.69
5.434, 0.94, 5.69
5.439, 0.94, 5.69
5.444, 0.94, 5.69
5.449, 0.94, 5.69
5.454, 0.94, 5.69
5.459, 0.94, 5.38
5.464, 0.94, 5.38
5.470, 0.94, 5.38
5.475, 0.94, 5.38
5.480, 0.94, 5.38
5.485, 0.94, 5.38
5.490, 0.94, 5.38
5.495, 0.94, 5.38
5.500, 0.94, 5.06
5.505, 0.94, 5.06
5.510, 0.94, 5.06
5.515, 0.94, 5.06
5.520, 0.94, 5.06
5.525, 0.94, 5.06
5.530, 0.94, 5.06
5.535, 0.94, 5.06
5.540, 0.94, 4.81
5.545, 0.94, 4.81
5.550, 0.94, 4.81
5.555, 0.94, 4.81
5.560, 0.94, 4.81
5.565, 0.94, 4.81
5.570, 0.94, 4.81
5.575, 0.94, 4.81
5.580, 0.94, 4.44
5.585, 0.94, 4.44
5.590, 0.94, 4.44
5.595, 0.94, 4.44
5.600, 0.94, 4.44
5.605, 0.94, 4.44
5.610, 0.94, 4.44
5.615, 0.94, 4.44
5.620, 0.94, 3.94
5.625, 0.94, 3.94
5.630, 0.94, 3.94
5.635, 0.94, 3.94
5.640, 0.94, 3.94
5.645, 0.94, 3.94
5.651, 0.94, 3.94
5.655, 0.94, 3.94
5.661, 0.94, 3.44
5.665, 0.94, 3.44
5.670, 0.94, 3.44
5.675, 0.94, 3.44
5.680, 0.94, 3.44
5.685, 0.94, 3.44
5.690, 0.94, 3.44
5.695, 0.94, 3.44
5.700, 0.94, 3.06
5.705, 0.94, 3.06
5.710, 0.94, 3.06
5.715, 0.94, 3.06
5.720, 0.94, 3.06
5.725, 0.94, 3.06
5.730, 0.94, 3.06
5.736, 0.94, 3.06
5.740, 0.94, 2.75
5.746, 0.94, 2.75
5.751, 0.94, 2.75
5.755, 0.94, 2.75
5.764, 0.94, 2.75
5.765, 0.94, 2.75
5.770, 0.94, 2.75
5.775, 0.94, 2.75
5.781, 0.88, 2.38
5.786, 0.88, 2.38
5.790, 0.88, 2.38
5.795, 0.88, 2.38
5.800, 0.88, 2.38
5.805, 0.88, 2.38
5.811, 0.88, 2.38
5.816, 0.88, 2.38
5.821, 0.81, 2.06
5.826, 0.81, 2.06
5.831, 0.81, 2.06
5.836, 0.81, 2.06
5.841, 0.81, 2.06
5.846, 0.81, 2.06
5.851, 0.81, 2.06
5.856, 0.81, 2.06
5.861, 0.88, 1.75
5.866, 0.88, 1.75
5.871, 0.88, 1.75
5.876, 0.88, 1.75
5.881, 0.88, 1.75
5.886, 0.88, 1.75
5.891, 0.88, 1.75
5.896, 0.88, 1.75
5.901, 0.81, 1.56
5.906, 0.81, 1.56
5.911, 0.81, 1.56
5.916, 0.81, 1.56
5.921, 0.81, 1.56
5.926, 0.81, 1.56
5.931, 0.81, 1.56
5.936, 0.81, 1.56
5.941, 0.88, 1.62
5.946, 0.88, 1.62
5.951, 0.88, 1.62
5.956, 0.88, 1.62
5.961, 0.88, 1.62
5.966, 0.88, 1.62
5.971, 0.88, 1.62
5.976, 0.88, 1.62
5.981, 0.88, 1.69
5.986, 0.88, 1.69
5.991, 0.88, 1.69
5.996, 0.88, 1.69
6.001, 0.88, 1.69
6.006, 0.88, 1.69
6.012, 0.88, 1.69
6.017, 0.88, 1.69
6.022, 0.88, 1.62
6.027, 0.88, 1.62
6.032, 0.88, 1.62
6.037, 0.88, 1.62
6.042, 0.88, 1.62
6.047, 0.88, 1.62
6.052, 0.88, 1.62
6.057, 0.88, 1.62
6.062, 0.88, 1.56
6.067, 0.88, 1.56
6.072, 0.88, 1.56
6.077, 0.88, 1.56
6.082, 0.88, 1.56
6.087, 0.88, 1.56
6.092, 0.88, 1.56
6.097, 0.88, 1.56
6.102, 0.88, 1.50
6.107, 0.88, 1.50
6.112, 0.88, 1.50
6.117, 0.88, 1.50
6.122, 0.88, 1.50
6.127, 0.88, 1.50
6.132, 0.88, 1.50
6.137, 0.88, 1.50
6.142, 0.94, 1.44
6.147, 0.94, 1.44
6.152, 0.94, 1.44
6.157, 0.94, 1.44
6.162, 0.94, 1.44
6.167, 0.94, 1.44
6.172, 0.94, 1.44
6.177, 0.94, 1.44
6.182, 0.94, 1.38
6.187, 0.94, 1.38
6.192, 0.94, 1.38
6.197, 0.94, 1.38
6.202, 0.94, 1.38
6.208, 0.94, 1.38
6.213, 0.94, 1.38
6.218, 0.94, 1.38
6.223, 1.00, 1.38
6.228, 1.00, 1.38
6.233, 1.00, 1.38
6.238, 1.00, 1.38
6.242, 1.00, 1.38
6.247, 1.00, 1.38
6.252, 1.00, 1.38
6.257, 1.00, 1.38
6.262, 1.19, 1.31
6.267, 1.19, 1.31
6.272, 1.19, 1.31
6.277, 1.19, 1.31
6.282, 1.19, 1.31
6.287, 1.19, 1.31
6.292, 1.19, 1.31
6.297, 1.19, 1.31
6.302, 1.56, 1.25
6.307, 1.56, 1.25
6.312, 1.56, 1.25
6.317, 1.56, 1.25
6.323, 1.56, 1.25
6.328, 1.56, 1.25
6.333, 1.56, 1.25
6.338, 1.56, 1.25
6.343, 1.94, 1.25
6.348, 1.94, 1.25
6.353, 1.94, 1.25
6.358, 1.94, 1.25
6.363, 1.94, 1.25
6.368, 1.94, 1.25
6.373, 1.94, 1.25
6.378, 1.94, 1.25
6.383, 2.56, 1.31
6.388, 2.56, 1.31
6.393, 2.56, 1.31
6.398, 2.56, 1.31
6.403, 2.56, 1.31
6.408, 2.56, 1.31
6.413, 2.56, 1.31
6.418, 2.56, 1.31
6.423, 3.50, 1.44
6.428, 3.50, 1.44
6.433, 3.50, 1.44
6.438, 3.50, 1.44
6.443, 3.50, 1.44
6.448, 3.50, 1.44
6.453, 3.50, 1.44
6.458, 3.50, 1.44
6.463, 4.31, 1.44
6.468, 4.31, 1.44
6.473, 4.31, 1.44
6.478, 4.31, 1.44
6.483, 4.31, 1.44
6.488, 4.31, 1.44
6.493, 4.31, 1.44
6.498, 4.31, 1.44
6.503, 5.00, 1.38
6.508, 5.00, 1.38
6.513, 5.00, 1.38
6.518, 5.00, 1.38
6.523, 5.00, 1.38
6.528, 5.00, 1.38
6.533, 5.00, 1.38
6.538, 5.00, 1.38
6.543, 5.62, 1.38
6.548, 5.62, 1.38
6.553, 5.62, 1.38
6.558, 5.62, 1.38
6.563, 5.62, 1.38
6.568, 5.62, 1.38
6.574, 6.25, 1.31
6.579, 6.25, 1.31
6.584, 6.25, 1.31
6.589, 6.25, 1.31
6.594, 6.25, 1.31
6.599, 6.25, 1.31
6.604, 6.25, 1.31
6.609, 6.25, 1.31
6.614, 6.88, 1.31
6.619, 6.88, 1.31
6.624, 6.88, 1.31
6.629, 6.88, 1.31
6.634, 6.88, 1.31
6.639, 6.88, 1.31
6.644, 6.88, 1.31
6.649, 6.88, 1.31
6.654, 7.31, 1.31
6.659, 7.31, 1.31
6.664, 7.31, 1.31
6.669, 7.31, 1.31
6.674, 7.31, 1.31
6.679, 7.31, 1.31
6.684, 7.31, 1.31
6.689, 7.31, 1.31
6.694, 7.69, 1.25
6.699, 7.69, 1.25
6.704, 7.69, 1.25
6.709, 7.69, 1.25
6.714, 7.69, 1.25
6.719, 7.69, 1.25
6.724, 7.69, 1.25
6.729, 7.69, 1.25
6.734, 8.06, 1.25
6.739, 8.06, 1.25
6.744, 8.06, 1.25
6.749, 8.06, 1.25
6.754, 8.06, 1.25
6.762, 8.06, 1.25
6.765, 8.06, 1.25
6.770, 8.06, 1.25
6.774, 8.44, 1.25
6.779, 8.44, 1.25
6.784, 8.44, 1.25
6.789, 8.44, 1.25
6.794, 8.44, 1.25
6.799, 8.44, 1.25
6.804, 8.44, 1.25
6.809, 8.44, 1.25
6.814, 8.75, 1.25
6.819, 8.75, 1.25
6.824, 8.75, 1.25
6.829, 8.75, 1.25
6.834, 8.75, 1.25
6.839, 8.75, 1.25
6.844, 8.75, 1.25
6.849, 8.75, 1.25
6.854, 9.12, 1.25
6.860, 9.12, 1.25
6.865, 9.12, 1.25
6.870, 9.12, 1.25
6.875, 9.12, 1.25
6.880, 9.12, 1.25
6.885, 9.12, 1.25
6.890, 9.12, 1.25
6.895, 9.50, 1.25
6.900, 9.50, 1.25
6.905, 9.50, 1.25
6.910, 9.50, 1.25
6.915, 9.50, 1.25
6.920, 9.50, 1.25
6.925, 9.50, 1.25
6.930, 9.50, 1.25
6.935, 9.88, 1.25
6.940, 9.88, 1.25
6.945, 9.88, 1.25
6.950, 9.88, 1.25
6.955, 9.88, 1.25
6.960, 9.88, 1.25
6.965, 9.88, 1.25
6.970, 9.88, 1.25
6.975, 10.31, 1.19
6.980, 10.31, 1.19
6.985, 10.31, 1.19
6.990, 10.31, 1.19
6.995, 10.31, 1.19
7.000, 10.31, 1.19
7.005, 10.31, 1.19
7.010, 10.31, 1.19
7.015, 10.75, 1.19
7.020, 10.75, 1.19
7.025, 10.75, 1.19
7.030, 10.75, 1.19
7.035, 10.75, 1.19
7.040, 10.75, 1.19
7.045, 10.75, 1.19
7.050, 10.75, 1.19
7.055, 11.12, 1.19
7.060, 11.12, 1.19
7.066, 11.12, 1.19
7.071, 11.12, 1.19
7.075, 11.12, 1.19
7.081, 11.12, 1.19
7.086, 11.12, 1.19
7.090, 11.12, 1.19
7.096, 11.50, 1.19
7.100, 11.50, 1.19
7.105, 11.50, 1.19
7.111, 11.50, 1.19
7.116, 11.50, 1.19
7.121, 11.50, 1.19
7.126, 11.50, 1.19
7.131, 11.50, 1.19
7.136, 11.88, 1.12
7.141, 11.88, 1.12
7.146, 11.88, 1.12
7.151, 11.88, 1.12
7.156, 11.88, 1.12
7.161, 11.88, 1.12
7.166, 11.88, 1.12
7.171, 11.88, 1.12
7.176, 12.19, 1.12
7.181, 12.19, 1.12
7.186, 12.19, 1.12
7.191, 12.19, 1.12
7.196, 12.19, 1.12
7.201, 12.19, 1.12
7.206, 12.19, 1.12
7.211, 12.19, 1.12
7.216, 12.44, 1.12
7.221, 12.44, 1.12
7.226, 12.44, 1.12
7.231, 12.44, 1.12
7.236, 12.44, 1.12
7.241, 12.44, 1.12
7.246, 12.44, 1.12
7.251, 12.44, 1.12
7.256, 12.69, 1.12
7.261, 12.69, 1.12
7.266, 12.69, 1.12
7.271, 12.69, 1.12
7.276, 12.69, 1.12
7.281, 12.69, 1.12
7.286, 12.69, 1.12
7.291, 12.69, 1.12
7.296, 12.88, 1.12
7.301, 12.88, 1.12
7.306, 12.88, 1.12
7.312, 12.88, 1.12
7.317, 12.88, 1.12
7.322, 12.88, 1.12
7.327, 12.88, 1.12
7.332, 12.88, 1.12
7.337, 13.06, 1.12
7.342, 13.06, 1.12
7.347, 13.06, 1.12
7.351, 13.06, 1.12
7.356, 13.06, 1.12
7.362, 13.06, 1.12
7.366, 13.06, 1.12
7.372, 13.06, 1.12
7.376, 13.19, 1.12
7.382, 13.19, 1.12
7.387, 13.19, 1.12
7.392, 13.19, 1.12
7.397, 13.19, 1.12
7.402, 13.19, 1.12
7.407, 13.19, 1.12
7.412, 13.19, 1.12
7.417, 13.31, 1.06
7.422, 13.31, 1.06
7.427, 13.31, 1.06
7.432, 13.31, 1.06
7.437, 13.31, 1.06
7.442, 13.31, 1.06
7.447, 13.31, 1.06
7.452, 13.31, 1.06
7.457, 13.44, 1.06
7.462, 13.44, 1.06
7.467, 13.44, 1.06
7.472, 13.44, 1.06
7.477, 13.44, 1.06
7.482, 13.44, 1.06
7.487, 13.44, 1.06
7.493, 13.44, 1.06
7.498, 13.56, 1.06
7.503, 13.56, 1.06
7.507, 13.56, 1.06
7.512, 13.56, 1.06
7.517, 13.56, 1.06
7.522, 13.56, 1.06
7.527, 13.56, 1.06
7.532, 13.56, 1.06
7.537, 13.69, 1.06
7.542, 13.69, 1.06
7.547, 13.69, 1.06
7.552, 13.69, 1.06
7.557, 13.69, 1.06
7.562, 13.69, 1.06
7.567, 13.69, 1.06
7.572, 13.69, 1.06
7.577, 13.81, 1.06
7.582, 13.81, 1.06
7.587, 13.81, 1.06
7.592, 13.81, 1.06
7.597, 13.81, 1.06
7.602, 13.81, 1.06
7.607, 13.81, 1.06
7.612, 13.81, 1.06
7.617, 13.94, 1.06
7.622, 13.94, 1.06
7.628, 13.94, 1.06
7.633, 13.94, 1.06
7.637, 13.94, 1.06
7.643, 13.94, 1.06
7.648, 13.94, 1.06
7.653, 13.94, 1.06
7.658, 14.00, 1.06
7.663, 14.00, 1.06
7.668, 14.00, 1.06
7.673, 14.00, 1.06
7.678, 14.00, 1.06
7.683, 14.00, 1.06
7.688, 14.00, 1.06
7.693, 14.00, 1.06
7.698, 14.06, 1.06
7.703, 14.06, 1.06
7.708, 14.06, 1.06
7.713, 14.06, 1.06
7.718, 14.06, 1.06
7.723, 14.06, 1.06
7.728, 14.06, 1.06
7.733, 14.06, 1.06
7.738, 14.06, 1.00
7.743, 14.06, 1.00
7.748, 14.06, 1.00
7.753, 14.06, 1.00
7.764, 14.06, 1.00
7.764, 14.06, 1.00
7.768, 14.06, 1.00
7.773, 14.06, 1.00
7.778, 14.00, 1.00
7.783, 14.00, 1.00
7.788, 14.00, 1.00
7.793, 14.00, 1.00
7.798, 14.00, 1.00
7.803, 14.00, 1.00
7.808, 14.00, 1.00
7.813, 14.00, 1.00
7.818, 13.88, 1.00
7.823, 13.88, 1.00
7.828, 13.88, 1.00
7.833, 13.88, 1.00
7.838, 13.88, 1.00
7.843, 13.88, 1.00
7.848, 13.88, 1.00
7.853, 13.88, 1.00
7.858, 13.69, 1.00
7.864, 13.69, 1.00
7.869, 13.69, 1.00
7.874, 13.69, 1.00
7.879, 13.69, 1.00
7.884, 13.69, 1.00
7.889, 13.69, 1.00
7.894, 13.69, 1.00
7.898, 13.38, 0.94
7.904, 13.38, 0.94
7.908, 13.38, 0.94
7.913, 13.38, 0.94
7.918, 13.38, 0.94
7.923, 13.38, 0.94
7.928, 13.38, 0.94
7.933, 13.38, 0.94
7.939, 12.94, 0.94
7.943, 12.94, 0.94
7.948, 12.94, 0.94
7.953, 12.94, 0.94
7.959, 12.94, 0.94
7.964, 12.94, 0.94
7.969, 12.94, 0.94
7.974, 12.94, 0.94
7.979, 12.38, 0.94
7.984, 12.38, 0.94
7.989, 12.38, 0.94
7.994, 12.38, 0.94
7.999, 12.38, 0.94
8.004, 12.38, 0.94
8.009, 12.38, 0.94
8.014, 12.38, 0.94
8.019, 11.75, 0.94
8.024, 11.75, 0.94
8.029, 11.75, 0.94
8.034, 11.75, 0.94
8.039, 11.75, 0.94
8.044, 11.75, 0.94
8.049, 11.75, 0.94
8.054, 11.75, 0.94
8.059, 11.12, 0.94
8.064, 11.12, 0.94
8.069, 11.12, 0.94
8.074, 11.12, 0.94
8.079, 11.12, 0.94
8.084, 11.12, 0.94
8.089, 11.12, 0.94
8.094, 11.12, 0.94
8.099, 10.44, 0.94
8.104, 10.44, 0.94
8.109, 10.44, 0.94
8.114, 10.44, 0.94
8.119, 10.44, 0.94
8.124, 10.44, 0.94
8.129, 10.44, 0.94
8.134, 10.44, 0.94
8.139, 9.75, 0.94
8.144, 9.75, 0.94
8.149, 9.75, 0.94
8.154, 9.75, 0.94
8.160, 9.75, 0.94
8.164, 9.75, 0.94
8.170, 9.75, 0.94
8.174, 9.75, 0.94
8.179, 9.06, 0.94
8.184, 9.06, 0.94
8.189, 9.06, 0.94
8.194, 9.06, 0.94
8.200, 9.06, 0.94
8.204, 9.06, 0.94
8.210, 9.06, 0.94
8.215, 9.06, 0.94
8.220, 8.38, 0.94
8.225, 8.38, 0.94
8.230, 8.38, 0.94
8.235, 8.38, 0.94
8.240, 8.38, 0.94
8.245, 8.38, 0.94
8.250, 8.38, 0.94
8.255, 8.38, 0.94
8.260, 7.62, 0.94
8.265, 7.62, 0.94
8.270, 7.62, 0.94
8.275, 7.62, 0.94
8.280, 7.62, 0.94
8.285, 7.62, 0.94
8.290, 7.62, 0.94
8.295, 7.62, 0.94
8.300, 6.88, 0.94
8.305, 6.88, 0.94
8.310, 6.88, 0.94
8.315, 6.88, 0.94
8.320, 6.88, 0.94
8.325, 6.88, 0.94
8.330, 6.88, 0.94
8.335, 6.88, 0.94
8.340, 6.12, 0.94
8.345, 6.12, 0.94
8.350, 6.12, 0.94
8.355, 6.12, 0.94
8.360, 6.12, 0.94
8.365, 6.12, 0.94
8.370, 6.12, 0.94
8.375, 6.12, 0.94
8.380, 5.38, 0.94
8.385, 5.38, 0.94
8.390, 5.38, 0.94
8.395, 5.38, 0.94
8.400, 5.38, 0.94
8.405, 5.38, 0.94
8.410, 5.38, 0.94
8.416, 5.38, 0.94
8.421, 4.69, 0.94
8.426, 4.69, 0.94
8.431, 4.69, 0.94
8.436, 4.69, 0.94
8.441, 4.69, 0.94
8.445, 4.69, 0.94
8.451, 4.69, 0.94
8.455, 4.69, 0.94
8.461, 4.06, 0.94
8.466, 4.06, 0.94
8.471, 4.06, 0.94
8.476, 4.06, 0.94
8.481, 4.06, 0.94
8.486, 4.06, 0.94
8.491, 4.06, 0.94
8.496, 4.06, 0.94
8.501, 3.44, 0.94
8.506, 3.44, 0.94
8.511, 3.44, 0.94
8.516, 3.44, 0.94
8.521, 3.44, 0.94
8.526, 3.44, 0.94
8.531, 3.44, 0.94
8.536, 3.44, 0.94
8.541, 2.94, 1.00
8.546, 2.94, 1.00
8.551, 2.94, 1.00
8.556, 2.94, 1.00
8.561, 2.94, 1.00
8.566, 2.94, 1.00
8.571, 2.94, 1.00
8.576, 2.94, 1.00
8.581, 2.56, 1.00
8.586, 2.56, 1.00
8.591, 2.56, 1.00
8.596, 2.56, 1.00
8.601, 2.56, 1.00
8.606, 2.56, 1.00
8.611, 2.56, 1.00
8.616, 2.56, 1.00
8.621, 2.31, 0.94
8.626, 2.31, 0.94
8.631, 2.31, 0.94
8.636, 2.31, 0.94
8.641, 2.31, 0.94
8.646, 2.31, 0.94
8.651, 2.31, 0.94
8.656, 2.31, 0.94
8.661, 2.06, 0.94
8.666, 2.06, 0.94
8.671, 2.06, 0.94
8.676, 2.06, 0.94
8.681, 2.06, 0.94
8.686, 2.06, 0.94
8.691, 2.06, 0.94
8.696, 2.06, 0.94
8.701, 1.81, 0.94
8.706, 1.81, 0.94
8.711, 1.81, 0.94
8.716, 1.81, 0.94
8.721, 1.81, 0.94
8.726, 1.81, 0.94
8.731, 1.81, 0.94
8.736, 1.81, 0.94
8.741, 1.50, 0.94
8.746, 1.50, 0.94
8.751, 1.50, 0.94
8.757, 1.50, 0.94
8.764, 1.50, 0.94
8.767, 1.50, 0.94
8.772, 1.50, 0.94
8.777, 1.50, 0.94
8.782, 1.12, 0.94
8.787, 1.12, 0.94
8.792, 1.12, 0.94
8.797, 1.12, 0.94
8.802, 1.12, 0.94
8.807, 1.12, 0.94
8.812, 1.12, 0.94
8.817, 1.12, 0.94
8.822, 1.00, 1.00
8.827, 1.00, 1.00
8.832, 1.00, 1.00
8.837, 1.00, 1.00
8.842, 1.00, 1.00
8.847, 1.00, 1.00
8.852, 1.00, 1.00
8.857, 1.00, 1.00
8.862, 1.06, 1.00
8.867, 1.06, 1.00
8.872, 1.06, 1.00
8.877, 1.06, 1.00
8.882, 1.06, 1.00
8.887, 1.06, 1.00
8.892, 1.06, 1.00
8.897, 1.06, 1.00
8.902, 1.06, 1.00
8.907, 1.06, 1.00
8.912, 1.06, 1.00
8.917, 1.06, 1.00
8.922, 1.06, 1.00
8.927, 1.06, 1.00
8.932, 1.06, 1.00
8.937, 1.06, 1.00
8.942, 1.00, 1.06
8.947, 1.00, 1.06
8.952, 1.00, 1.06
8.957, 1.00, 1.06
8.962, 1.00, 1.06
8.967, 1.00, 1.06
8.973, 1.00, 1.06
8.978, 1.00, 1.06
8.983, 1.00, 1.06
8.988, 1.00, 1.06
8.993, 1.00, 1.06
8.998, 1.00, 1.06
9.003, 1.00, 1.06
9.007, 1.00, 1.06
9.012, 1.00, 1.06
9.017, 1.00, 1.06
9.022, 0.94, 1.06
9.027, 0.94, 1.06
9.033, 0.94, 1.06
9.038, 0.94, 1.06
9.043, 0.94, 1.06
9.048, 0.94, 1.06
9.053, 0.94, 1.06
9.058, 0.94, 1.06
9.063, 0.94, 1.06
9.068, 0.94, 1.06
9.073, 0.94, 1.06
9.078, 0.94, 1.06
9.083, 0.94, 1.06
9.088, 0.94, 1.06
9.093, 0.94, 1.06
9.098, 0.94, 1.06
9.103, 0.94, 1.06
9.108, 0.94, 1.06
9.113, 0.94, 1.06
9.118, 0.94, 1.06
9.123, 0.94, 1.06
9.128, 0.94, 1.06
9.133, 0.94, 1.06
9.138, 0.94, 1.06
9.143, 0.94, 1.06
9.148, 0.94, 1.06
9.153, 0.94, 1.06
9.158, 0.94, 1.06
9.163, 0.94, 1.06
9.169, 0.94, 1.06
9.173, 0.94, 1.06
9.178, 0.94, 1.06
9.183, 0.94, 1.06
9.188, 0.94, 1.06
9.193, 0.94, 1.06
9.198, 0.94, 1.06
9.203, 0.94, 1.06
9.208, 0.94, 1.06
9.213, 0.94, 1.06
9.218, 0.94, 1.06
9.223, 0.88, 1.06
9.228, 0.88, 1.06
9.233, 0.88, 1.06
9.238, 0.88, 1.06
9.243, 0.88, 1.06
9.248, 0.88, 1.06
9.254, 0.88, 1.06
9.259, 0.88, 1.06
9.264, 0.94, 1.06
9.269, 0.94, 1.06
9.274, 0.94, 1.06
9.279, 0.94, 1.06
9.284, 0.94, 1.06
9.289, 0.94, 1.06
9.294, 0.94, 1.06
9.299, 0.94, 1.06
9.304, 0.88, 1.00
9.309, 0.88, 1.00
9.314, 0.88, 1.00
9.319, 0.88, 1.00
9.324, 0.88, 1.00
9.329, 0.88, 1.00
9.334, 0.81, 0.88
9.339, 0.81, 0.88
9.344, 0.81, 0.88
9.349, 0.81, 0.88
9.354, 0.81, 0.88
9.359, 0.81, 0.88
9.364, 0.81, 0.88
9.369, 0.81, 0.88
9.374, 0.75, 0.69
9.379, 0.75, 0.69
9.384, 0.75, 0.69
9.389, 0.75, 0.69
9.394, 0.75, 0.69
9.399, 0.75, 0.69
9.404, 0.75, 0.69
9.409, 0.75, 0.69
9.414, 0.69, 0.44
9.419, 0.69, 0.44
9.424, 0.69, 0.44
9.429, 0.69, 0.44
9.434, 0.69, 0.44
9.439, 0.69, 0.44
9.444, 0.69, 0.44
9.449, 0.69, 0.44
9.454, 0.69, 0.19
9.459, 0.69, 0.19
9.464, 0.69, 0.19
9.469, 0.69, 0.19
9.474, 0.69, 0.19
9.479, 0.69, 0.19
9.484, 0.69, 0.19
9.489, 0.69, 0.19
9.494, 0.81, -0.19
9.499, 0.81, -0.19
9.504, 0.81, -0.19
9.510, 0.81, -0.19
9.514, 0.81, -0.19
9.520, 0.81, -0.19
9.525, 0.81, -0.19
9.530, 0.81, -0.19
9.535, 0.81, -0.88
9.540, 0.81, -0.88
9.545, 0.81, -0.88
9.550, 0.81, -0.88
9.555, 0.81, -0.88
9.560, 0.81, -0.88
9.565, 0.81, -0.88
9.570, 0.81, -0.88
9.575, 0.81, -1.69
9.580, 0.81, -1.69
9.585, 0.81, -1.69
9.590, 0.81, -1.69
9.595, 0.81, -1.69
9.600, 0.81, -1.69
9.605, 0.81, -1.69
9.610, 0.81, -1.69
9.615, 0.69, -2.56
9.620, 0.69, -2.56
9.625, 0.69, -2.56
9.630, 0.69, -2.56
9.635, 0.69, -2.56
9.640, 0.69, -2.56
9.645, 0.69, -2.56
9.650, 0.69, -2.56
9.655, 0.69, -3.50
9.660, 0.69, -3.50
9.665, 0.69, -3.50
9.670, 0.69, -3.50
9.675, 0.69, -3.50
9.680, 0.69, -3.50
9.685, 0.69, -3.50
9.690, 0.69, -3.50
9.695, 0.62, -4.38
9.700, 0.62, -4.38
9.706, 0.62, -4.38
9.711, 0.62, -4.38
9.715, 0.62, -4.38
9.720, 0.62, -4.38
9.726, 0.62, -4.38
9.731, 0.62, -4.38
9.735, 0.62, -5.19
9.740, 0.62, -5.19
9.745, 0.62, -5.19
9.750, 0.62, -5.19
9.755, 0.62, -5.19
9.766, 0.62, -5.19
9.767, 0.62, -5.19
9.770, 0.62, -5.19
9.776, 0.62, -5.81
9.781, 0.62, -5.81
9.785, 0.62, -5.81
9.790, 0.62, -5.81
9.796, 0.62, -5.81
9.801, 0.62, -5.81
9.806, 0.62, -5.81
9.810, 0.62, -5.81
9.816, 0.62, -6.50
9.821, 0.62, -6.50
9.825, 0.62, -6.50
9.831, 0.62, -6.50
9.836, 0.62, -6.50
9.841, 0.62, -6.50
9.846, 0.62, -6.50
9.851, 0.62, -6.50
9.856, 0.62, -7.00
9.861, 0.62, -7.00
9.866, 0.62, -7.00
9.871, 0.62, -7.00
9.876, 0.62, -7.00
9.881, 0.62, -7.00
9.886, 0.62, -7.00
9.891, 0.62, -7.00
9.896, 0.62, -7.56
9.901, 0.62, -7.56
9.906, 0.62, -7.56
9.911, 0.62, -7.56
9.916, 0.62, -7.56
9.921, 0.62, -7.56
9.926, 0.62, -7.56
9.931, 0.62, -7.56
9.936, 0.62, -8.12
9.941, 0.62, -8.12
9.946, 0.62, -8.12
9.951, 0.62, -8.12
9.956, 0.62, -8.12
9.961, 0.62, -8.12
9.966, 0.62, -8.12
9.971, 0.62, -8.12
9.976, 0.62, -8.69
9.981, 0.62, -8.69
9.986, 0.62, -8.69
9.991, 0.62, -8.69
9.996, 0.62, -8.69
10.001, 0.62, -8.69
10.006, 0.62, -8.69
10.011, 0.62, -8.69
10.016, 0.62, -8.69
10.021, 0.62, -8.69
10.026, 0.62, -8.69
10.031, 0.62, -8.69
10.036, 0.62, -8.69
10.041, 0.62, -8.69
10.047, 0.62, -8.69
10.051, 0.62, -8.69
10.056, 0.62, -9.81
10.061, 0.62, -9.81
10.066, 0.62, -9.81
10.071, 0.62, -9.81
10.077, 0.62, -9.81
10.082, 0.62, -9.81
10.087, 0.62, -9.81
10.092, 0.62, -9.81
10.097, 0.56, -10.38
10.102, 0.56, -10.38
10.107, 0.56, -10.38
10.112, 0.56, -10.38
10.117, 0.56, -10.38
10.122, 0.56, -10.38
10.127, 0.56, -10.38
10.132, 0.56, -10.38
10.137, 0.56, -10.94
10.142, 0.56, -10.94
10.147, 0.56, -10.94
10.152, 0.56, -10.94
10.157, 0.56, -10.94
10.162, 0.56, -10.94
10.167, 0.56, -10.94
10.172, 0.56, -10.94
10.177, 0.56, -11.56
10.182, 0.56, -11.56
10.187, 0.56, -11.56
10.192, 0.56, -11.56
10.197, 0.56, -11.56
10.202, 0.56, -11.56
10.207, 0.56, -11.56
10.212, 0.56, -11.56
10.217, 0.56, -12.12
10.222, 0.56, -12.12
10.227, 0.56, -12.12
10.232, 0.56, -12.12
10.237, 0.56, -12.12
10.242, 0.56, -12.12
10.247, 0.56, -12.12
10.252, 0.56, -12.12
10.258, 0.56, -12.69
10.263, 0.56, -12.69
10.267, 0.56, -12.69
10.272, 0.56, -12.69
10.277, 0.56, -12.69
10.282, 0.56, -12.69
10.287, 0.56, -12.69
10.292, 0.56, -12.69
10.297, 0.56, -13.19
10.302, 0.56, -13.19
10.307, 0.56, -13.19
10.312, 0.56, -13.19
10.317, 0.56, -13.19
10.322, 0.56, -13.19
10.327, 0.56, -13.19
10.332, 0.56, -13.19
10.337, 0.56, -13.69
10.343, 0.56, -13.69
10.348, 0.56, -13.69
10.353, 0.56, -13.69
10.358, 0.56, -13.69
10.363, 0.56, -13.69
10.367, 0.56, -13.69
10.373, 0.56, -13.69
10.378, 0.50, -14.12
10.383, 0.50, -14.12
10.388, 0.50, -14.12
10.393, 0.50, -14.12
10.398, 0.50, -14.12
10.403, 0.50, -14.12
10.408, 0.50, -14.12
10.413, 0.50, -14.12
10.418, 0.50, -14.38
10.423, 0.50, -14.38
10.428, 0.50, -14.38
10.433, 0.50, -14.38
10.438, 0.50, -14.38
10.443, 0.50, -14.38
10.448, 0.50, -14.38
10.453, 0.50, -14.38
10.458, 0.50, -14.62
10.463, 0.50, -14.62
10.468, 0.50, -14.62
10.473, 0.50, -14.62
10.478, 0.50, -14.62
10.483, 0.50, -14.62
10.488, 0.50, -14.62
10.493, 0.50, -14.62
10.498, 0.50, -14.75
10.503, 0.50, -14.75
10.508, 0.50, -14.75
10.513, 0.50, -14.75
10.518, 0.50, -14.75
10.523, 0.50, -14.75
10.528, 0.50, -14.75
10.533, 0.50, -14.75
10.538, 0.50, -14.81
10.543, 0.50, -14.81
10.548, 0.50, -14.81
10.553, 0.50, -14.81
10.558, 0.50, -14.81
10.563, 0.50, -14.81
10.568, 0.50, -14.81
10.573, 0.50, -14.81
10.578, 0.50, -14.81
10.583, 0.50, -14.81
10.588, 0.50, -14.81
10.594, 0.50, -14.81
10.599, 0.50, -14.81
10.604, 0.50, -14.81
10.609, 0.50, -14.81
10.614, 0.50, -14.81
10.619, 0.50, -14.81
10.624, 0.50, -14.81
10.629, 0.50, -14.81
10.634, 0.50, -14.81
10.639, 0.50, -14.81
10.644, 0.50, -14.81
10.649, 0.50, -14.81
10.654, 0.50, -14.81
10.659, 0.50, -14.75
10.664, 0.50, -14.75
10.669, 0.50, -14.75
10.674, 0.50, -14.75
10.679, 0.50, -14.75
10.684, 0.50, -14.75
10.689, 0.50, -14.75
10.694, 0.50, -14.75
10.699, 0.50, -14.75
10.704, 0.50, -14.75
10.709, 0.50, -14.75
10.714, 0.50, -14.75
10.719, 0.50, -14.75
10.724, 0.50, -14.75
10.729, 0.50, -14.75
10.734, 0.50, -14.75
10.739, 0.50, -14.75
10.744, 0.50, -14.75
10.749, 0.50, -14.75
10.754, 0.50, -14.75
10.766, 0.50, -14.75
10.766, 0.50, -14.75
10.769, 0.50, -14.75
10.774, 0.50, -14.75
10.779, 0.50, -14.75
10.784, 0.50, -14.75
10.789, 0.50, -14.75
10.794, 0.50, -14.75
10.799, 0.50, -14.75
10.804, 0.50, -14.75
10.809, 0.50, -14.75
10.815, 0.50, -14.75
10.820, 0.44, -14.75
10.824, 0.44, -14.75
10.829, 0.44, -14.75
10.834, 0.44, -14.75
10.839, 0.44, -14.75
10.844, 0.44, -14.75
10.849, 0.44, -14.75
10.854, 0.44, -14.75
10.859, 0.44, -14.75
10.864, 0.44, -14.75
10.869, 0.44, -14.75
10.875, 0.44, -14.75
10.879, 0.44, -14.75
10.884, 0.44, -14.75
10.889, 0.44, -14.75
10.894, 0.44, -14.75
10.899, 0.44, -14.69
10.904, 0.44, -14.69
10.909, 0.44, -14.69
10.914, 0.44, -14.69
10.920, 0.44, -14.69
10.924, 0.44, -14.69
10.930, 0.44, -14.69
10.935, 0.44, -14.69
10.940, 0.44, -14.56
10.945, 0.44, -14.56
10.950, 0.44, -14.56
10.955, 0.44, -14.56
10.960, 0.44, -14.56
10.965, 0.44, -14.56
10.970, 0.44, -14.56
10.975, 0.44, -14.56
10.980, 0.44, -14.38
10.985, 0.44, -14.38
10.990, 0.44, -14.38
10.995, 0.44, -14.38
11.000, 0.44, -14.38
11.005, 0.44, -14.38
11.010, 0.44, -14.38
11.015, 0.44, -14.38
11.020, 0.44, -14.12
11.025, 0.44, -14.12
11.030, 0.44, -14.12
11.035, 0.44, -14.12
11.040, 0.44, -14.12
11.045, 0.44, -14.12
11.050, 0.44, -14.12
11.055, 0.44, -14.12
11.060, 0.44, -13.69
11.065, 0.44, -13.69
11.070, 0.44, -13.69
11.075, 0.44, -13.69
11.080, 0.44, -13.69
11.085, 0.44, -13.69
11.090, 0.44, -13.69
11.095, 0.44, -13.69
11.100, 0.50, -13.12
11.105, 0.50, -13.12
11.110, 0.50, -13.12
11.115, 0.50, -13.12
11.120, 0.50, -13.12
11.125, 0.50, -13.12
11.130, 0.50, -13.12
11.135, 0.50, -13.12
11.140, 0.50, -12.44
11.145, 0.50, -12.44
11.150, 0.50, -12.44
11.155, 0.50, -12.44
11.160, 0.50, -12.44
11.165, 0.50, -12.44
11.170, 0.50, -12.44
11.175, 0.50, -12.44
11.181, 0.56, -11.62
11.186, 0.56, -11.62
11.191, 0.56, -11.62
11.196, 0.56, -11.62
11.201, 0.56, -11.62
11.206, 0.56, -11.62
11.211, 0.56, -11.62
11.216, 0.56, -11.62
11.221, 0.56, -10.75
11.226, 0.56, -10.75
11.231, 0.56, -10.75
11.236, 0.56, -10.75
11.241, 0.56, -10.75
11.246, 0.56, -10.75
11.251, 0.56, -10.75
11.256, 0.56, -10.75
11.261, 0.56, -9.81
11.266, 0.56, -9.81
11.271, 0.56, -9.81
11.276, 0.56, -9.81
11.281, 0.56, -9.81
11.286, 0.56, -9.81
11.291, 0.56, -9.81
11.296, 0.56, -9.81
11.301, 0.62, -8.88
11.306, 0.62, -8.88
11.311, 0.62, -8.88
11.316, 0.62, -8.88
11.321, 0.62, -8.88
11.326, 0.62, -8.88
11.331, 0.62, -8.88
11.336, 0.62, -8.88
11.341, 0.62, -7.88
11.346, 0.62, -7.88
11.351, 0.62, -7.88
11.356, 0.62, -7.88
11.361, 0.62, -7.88
11.367, 0.62, -7.88
11.372, 0.62, -7.88
11.377, 0.62, -7.88
11.382, 0.69, -6.88
11.387, 0.69, -6.88
11.391, 0.69, -6.88
11.397, 0.69, -6.88
11.402, 0.69, -6.88
11.406, 0.69, -6.88
11.412, 0.69, -6.88
11.417, 0.69, -6.88
11.422, 0.75, -5.94
11.427, 0.75, -5.94
11.432, 0.75, -5.94
11.436, 0.75, -5.94
11.442, 0.75, -5.94
11.447, 0.75, -5.94
11.452, 0.75, -5.94
11.456, 0.75, -5.94
11.462, 0.75, -5.00
11.467, 0.75, -5.00
11.472, 0.75, -5.00
11.477, 0.75, -5.00
11.482, 0.75, -5.00
11.487, 0.75, -5.00
11.492, 0.75, -5.00
11.497, 0.75, -5.00
11.502, 0.75, -4.12
11.507, 0.75, -4.12
11.512, 0.75, -4.12
11.517, 0.75, -4.12
11.522, 0.75, -4.12
11.527, 0.75, -4.12
11.532, 0.75, -4.12
11.537, 0.75, -4.12
11.542, 0.81, -3.31
11.547, 0.81, -3.31
11.553, 0.81, -3.31
11.557, 0.81, -3.31
11.562, 0.81, -3.31
11.567, 0.81, -3.31
11.572, 0.81, -3.31
11.577, 0.81, -3.31
11.582, 0.81, -2.50
11.587, 0.81, -2.50
11.592, 0.81, -2.50
11.597, 0.81, -2.50
11.602, 0.81, -2.50
11.607, 0.81, -2.50
11.612, 0.81, -2.50
11.617, 0.81, -2.50
11.622, 0.81, -1.81
11.627, 0.81, -1.81
11.632, 0.81, -1.81
11.637, 0.81, -1.81
11.642, 0.81, -1.81
11.647, 0.81, -1.81
11.652, 0.81, -1.81
11.657, 0.81, -1.81
11.662, 0.88, -1.19
11.667, 0.88, -1.19
11.672, 0.88, -1.19
11.677, 0.88, -1.19
11.682, 0.88, -1.19
11.688, 0.88, -1.19
11.692, 0.88, -1.19
11.697, 0.88, -1.19
11.703, 0.88, -0.56
11.708, 0.88, -0.56
11.712, 0.88, -0.56
11.717, 0.88, -0.56
11.723, 0.88, -0.56
11.728, 0.88, -0.56
11.733, 0.88, -0.56
11.738, 0.88, -0.56
11.743, 0.81, -0.12
11.748, 0.81, -0.12
11.753, 0.81, -0.12
11.766, 0.81, -0.12
11.766, 0.81, -0.12
11.768, 0.81, -0.12
11.773, 0.81, -0.12
11.778, 0.81, -0.12
11.783, 0.81, 0.25
11.788, 0.81, 0.25
11.793, 0.81, 0.25
11.798, 0.81, 0.25
11.803, 0.81, 0.25
11.808, 0.81, 0.25
11.813, 0.81, 0.25
11.818, 0.81, 0.25
11.823, 0.75, 0.69
11.828, 0.75, 0.69
11.833, 0.75, 0.69
11.838, 0.75, 0.69
11.843, 0.75, 0.69
11.848, 0.75, 0.69
11.853, 0.75, 0.69
11.858, 0.75, 0.69
11.863, 0.81, 0.94
11.868, 0.81, 0.94
11.873, 0.81, 0.94
11.878, 0.81, 0.94
11.883, 0.81, 0.94
11.888, 0.81, 0.94
11.893, 0.81, 0.94
11.898, 0.81, 0.94
11.903, 0.81, 0.88
11.908, 0.81, 0.88
11.913, 0.81, 0.88
11.919, 0.81, 0.88
11.924, 0.81, 0.88
11.929, 0.81, 0.88
11.934, 0.81, 0.88
11.939, 0.81, 0.88
11.944, 0.81, 0.88
11.949, 0.81, 0.88
11.954, 0.81, 0.88
11.959, 0.81, 0.88
11.964, 0.81, 0.88
11.968, 0.81, 0.88
11.974, 0.81, 0.88
11.978, 0.81, 0.88
11.984, 0.75, 0.81
11.989, 0.75, 0.81
11.994, 0.75, 0.81
11.999, 0.75, 0.81
12.004, 0.75, 0.81
12.009, 0.75, 0.81
12.014, 0.75, 0.81
12.019, 0.75, 0.81
12.024, 0.75, 0.81
12.029, 0.75, 0.81
12.034, 0.75, 0.81
12.039, 0.75, 0.81
12.044, 0.75, 0.81
12.049, 0.75, 0.81
12.054, 0.75, 0.88
12.059, 0.75, 0.88
12.064, 0.75, 0.88
12.069, 0.75, 0.88
12.074, 0.75, 0.88
12.079, 0.75, 0.88
12.084, 0.75, 0.88
12.089, 0.75, 0.88
12.094, 0.69, 0.88
12.100, 0.69, 0.88
12.104, 0.69, 0.88
12.109, 0.69, 0.88
12.114, 0.69, 0.88
12.119, 0.69, 0.88
12.124, 0.69, 0.88
12.129, 0.69, 0.88
12.134, 0.56, 0.69
12.139, 0.56, 0.69
12.144, 0.56, 0.69
12.149, 0.56, 0.69
12.154, 0.56, 0.69
12.159, 0.56, 0.69
12.164, 0.56, 0.69
12.169, 0.56, 0.69
12.174, 0.38, 0.62
12.179, 0.38, 0.62
12.184, 0.38, 0.62
12.189, 0.38, 0.62
12.194, 0.38, 0.62
12.199, 0.38, 0.62
12.204, 0.38, 0.62
12.209, 0.38, 0.62
12.214, 0.12, 0.62
12.219, 0.12, 0.62
12.224, 0.12, 0.62
12.229, 0.12, 0.62
12.234, 0.12, 0.62
12.239, 0.12, 0.62
12.244, 0.12, 0.62
12.249, 0.12, 0.62
12.254, -0.06, 0.62
12.259, -0.06, 0.62
12.264, -0.06, 0.62
12.269, -0.06, 0.62
12.274, -0.06, 0.62
12.280, -0.06, 0.62
12.285, -0.06, 0.62
12.290, -0.06, 0.62
12.295, -0.31, 0.62
12.300, -0.31, 0.62
12.305, -0.31, 0.62
12.310, -0.31, 0.62
12.315, -0.31, 0.62
12.320, -0.31, 0.62
12.325, -0.31, 0.62
12.330, -0.31, 0.62
12.335, -0.69, 0.69
12.340, -0.69, 0.69
12.345, -0.69, 0.69
12.350, -0.69, 0.69
12.355, -0.69, 0.69
12.360, -0.69, 0.69
12.365, -0.69, 0.69
12.370, -0.69, 0.69
12.375, -1.19, 0.75
12.380, -1.19, 0.75
12.385, -1.19, 0.75
12.390, -1.19, 0.75
12.395, -1.19, 0.75
12.400, -1.19, 0.75
12.405, -1.19, 0.75
12.410, -1.19, 0.75
12.415, -1.81, 0.81
12.420, -1.81, 0.81
12.425, -1.81, 0.81
12.430, -1.81, 0.81
12.435, -1.81, 0.81
12.440, -1.81, 0.81
12.445, -1.81, 0.81
12.450, -1.81, 0.81
12.455, -2.62, 0.81
12.460, -2.62, 0.81
12.466, -2.62, 0.81
12.471, -2.62, 0.81
12.476, -2.62, 0.81
12.481, -2.62, 0.81
12.486, -2.62, 0.81
12.491, -2.62, 0.81
12.496, -3.50, 0.88
12.501, -3.50, 0.88
12.506, -3.50, 0.88
12.511, -3.50, 0.88
12.515, -3.50, 0.88
12.521, -3.50, 0.88
12.526, -3.50, 0.88
12.531, -3.50, 0.88
12.536, -4.44, 0.94
12.541, -4.44, 0.94
12.546, -4.44, 0.94
12.551, -4.44, 0.94
12.556, -4.44, 0.94
12.561, -4.44, 0.94
12.566, -4.44, 0.94
12.571, -4.44, 0.94
12.576, -5.31, 1.00
12.581, -5.31, 1.00
12.586, -5.31, 1.00
12.591, -5.31, 1.00
12.596, -5.31, 1.00
12.601, -5.31, 1.00
12.606, -5.31, 1.00
12.611, -5.31, 1.00
12.616, -6.25, 1.06
12.621, -6.25, 1.06
12.626, -6.25, 1.06
12.631, -6.25, 1.06
12.636, -6.25, 1.06
12.641, -6.25, 1.06
12.646, -6.25, 1.06
12.652, -6.25, 1.06
12.656, -7.12, 1.06
12.662, -7.12, 1.06
12.667, -7.12, 1.06
12.671, -7.12, 1.06
12.676, -7.12, 1.06
12.681, -7.12, 1.06
12.686, -7.12, 1.06
12.691, -7.12, 1.06
12.696, -7.94, 1.12
12.701, -7.94, 1.12
12.706, -7.94, 1.12
12.711, -7.94, 1.12
12.716, -7.94, 1.12
12.721, -7.94, 1.12
12.726, -7.94, 1.12
12.731, -7.94, 1.12
12.736, -8.75, 1.12
12.741, -8.75, 1.12
12.746, -8.75, 1.12
12.751, -8.75, 1.12
12.756, -8.75, 1.12
12.763, -8.75, 1.12
12.771, -8.75, 1.12
12.771, -8.75, 1.12
12.777, -9.50, 1.19
12.782, -9.50, 1.19
12.787, -9.50, 1.19
12.792, -9.50, 1.19
12.797, -9.50, 1.19
12.802, -9.50, 1.19
12.807, -9.50, 1.19
12.811, -9.50, 1.19
12.817, -10.25, 1.19
12.822, -10.25, 1.19
12.827, -10.25, 1.19
12.832, -10.25, 1.19
12.837, -10.25, 1.19
12.842, -10.25, 1.19
12.847, -10.25, 1.19
12.852, -10.25, 1.19
12.857, -10.88, 1.25
12.862, -10.88, 1.25
12.867, -10.88, 1.25
12.872, -10.88, 1.25
12.877, -10.88, 1.25
12.882, -10.88, 1.25
12.887, -10.88, 1.25
12.892, -10.88, 1.25
12.897, -11.50, 1.25
12.902, -11.50, 1.25
12.907, -11.50, 1.25
12.912, -11.50, 1.25
12.917, -11.50, 1.25
12.922, -11.50, 1.25
12.927, -11.50, 1.25
12.932, -11.50, 1.25
12.937, -12.00, 1.31
12.942, -12.00, 1.31
12.947, -12.00, 1.31
12.952, -12.00, 1.31
12.957, -12.00, 1.31
12.962, -12.00, 1.31
12.967, -12.00, 1.31
12.972, -12.00, 1.31
12.977, -12.44, 1.38
12.982, -12.44, 1.38
12.987, -12.44, 1.38
12.992, -12.44, 1.38
12.997, -12.44, 1.38
13.002, -12.44, 1.38
13.007, -12.44, 1.38
13.012, -12.44, 1.38
13.017, -12.81, 1.44
13.023, -12.81, 1.44
13.028, -12.81, 1.44
13.033, -12.81, 1.44
13.038, -12.81, 1.44
13.043, -12.81, 1.44
13.048, -12.81, 1.44
13.053, -12.81, 1.44
13.058, -13.12, 1.50
13.062, -13.12, 1.50
13.067, -13.12, 1.50
13.073, -13.12, 1.50
13.077, -13.12, 1.50
13.083, -13.12, 1.50
13.088, -13.12, 1.50
13.093, -13.12, 1.50
13.098, -13.19, 1.50
13.103, -13.19, 1.50
13.108, -13.19, 1.50
13.113, -13.19, 1.50
13.118, -13.19, 1.50
13.123, -13.19, 1.50
13.128, -13.19, 1.50
13.133, -13.19, 1.50
13.138, -13.12, 1.50
13.143, -13.12, 1.50
13.148, -13.12, 1.50
13.153, -13.12, 1.50
13.158, -13.12, 1.50
13.163, -13.12, 1.50
13.168, -13.12, 1.50
13.173, -13.12, 1.50
13.178, -13.00, 1.50
13.183, -13.00, 1.50
13.188, -13.00, 1.50
13.193, -13.00, 1.50
13.198, -13.00, 1.50
13.204, -13.00, 1.50
13.208, -13.00, 1.50
13.213, -13.00, 1.50
13.218, -12.88, 1.56
13.223, -12.88, 1.56
13.228, -12.88, 1.56
13.233, -12.88, 1.56
13.238, -12.88, 1.56
13.243, -12.88, 1.56
13.248, -12.88, 1.56
13.253, -12.88, 1.56
13.258, -12.81, 1.56
13.263, -12.81, 1.56
13.268, -12.81, 1.56
13.273, -12.81, 1.56
13.278, -12.81, 1.56
13.283, -12.81, 1.56
13.288, -12.81, 1.56
13.293, -12.81, 1.56
13.298, -12.69, 1.56
13.303, -12.69, 1.56
13.308, -12.69, 1.56
13.313, -12.69, 1.56
13.318, -12.69, 1.56
13.323, -12.69, 1.56
13.328, -12.69, 1.56
13.333, -12.69, 1.56
13.338, -12.56, 1.56
13.344, -12.56, 1.56
13.349, -12.56, 1.56
13.354, -12.56, 1.56
13.359, -12.56, 1.56
13.364, -12.56, 1.56
13.369, -12.56, 1.56
13.374, -12.56, 1.56
13.379, -12.44, 1.56
13.384, -12.44, 1.56
13.389, -12.44, 1.56
13.394, -12.44, 1.56
13.399, -12.44, 1.56
13.404, -12.44, 1.56
13.409, -12.44, 1.56
13.414, -12.44, 1.56
13.419, -12.12, 1.56
13.424, -12.12, 1.56
13.429, -12.12, 1.56
13.434, -12.12, 1.56
13.439, -12.12, 1.56
13.444, -12.12, 1.56
13.449, -12.12, 1.56
13.454, -12.12, 1.56
13.459, -11.75, 1.62
13.464, -11.75, 1.62
13.469, -11.75, 1.62
13.474, -11.75, 1.62
13.479, -11.75, 1.62
13.484, -11.75, 1.62
13.489, -11.75, 1.62
13.494, -11.75, 1.62
13.499, -11.19, 1.62
13.504, -11.19, 1.62
13.509, -11.19, 1.62
13.514, -11.19, 1.62
13.519, -11.19, 1.62
13.524, -11.19, 1.62
13.529, -11.19, 1.62
13.534, -11.19, 1.62
13.539, -10.56, 1.62
13.544, -10.56, 1.62
13.549, -10.56, 1.62
13.554, -10.56, 1.62
13.559, -10.56, 1.62
13.564, -10.56, 1.62
13.570, -10.56, 1.62
13.575, -10.56, 1.62
13.580, -9.88, 1.62
13.585, -9.88, 1.62
13.590, -9.88, 1.62
13.595, -9.88, 1.62
13.600, -9.88, 1.62
13.605, -9.88, 1.62
13.610, -9.88, 1.62
13.615, -9.88, 1.62
13.620, -9.12, 1.56
13.625, -9.12, 1.56
13.630, -9.12, 1.56
13.635, -9.12, 1.56
13.640, -9.12, 1.56
13.645, -9.12, 1.56
13.650, -9.12, 1.56
13.655, -9.12, 1.56
13.660, -8.31, 1.56
13.665, -8.31, 1.56
13.670, -8.31, 1.56
13.675, -8.31, 1.56
13.680, -8.31, 1.56
13.685, -8.31, 1.56
13.690, -8.31, 1.56
13.695, -8.31, 1.56
13.700, -7.50, 1.50
13.705, -7.50, 1.50
13.710, -7.50, 1.50
13.715, -7.50, 1.50
13.720, -7.50, 1.50
13.725, -7.50, 1.50
13.730, -7.50, 1.50
13.735, -7.50, 1.50
13.740, -6.69, 1.50
13.745, -6.69, 1.50
13.750, -6.69, 1.50
13.756, -6.69, 1.50
13.768, -6.69, 1.50
13.768, -6.69, 1.50
13.771, -6.69, 1.50
13.775, -6.69, 1.50
13.780, -5.94, 1.50
13.785, -5.94, 1.50
13.790, -5.94, 1.50
13.795, -5.94, 1.50
13.800, -5.94, 1.50
13.805, -5.94, 1.50
13.810, -5.94, 1.50
13.815, -5.94, 1.50
13.820, -5.19, 1.50
13.825, -5.19, 1.50
13.830, -5.19, 1.50
13.835, -5.19, 1.50
13.840, -5.19, 1.50
13.845, -5.19, 1.50
13.851, -5.19, 1.50
13.855, -5.19, 1.50
13.860, -4.38, 1.50
13.866, -4.38, 1.50
13.871, -4.38, 1.50
13.875, -4.38, 1.50
13.881, -4.38, 1.50
13.886, -4.38, 1.50
13.891, -4.38, 1.50
13.896, -4.38, 1.50
13.901, -3.62, 1.50
13.906, -3.62, 1.50
13.911, -3.62, 1.50
13.916, -3.62, 1.50
13.921, -3.62, 1.50
13.926, -3.62, 1.50
13.931, -3.62, 1.50
13.936, -3.62, 1.50
13.941, -2.94, 1.44
13.946, -2.94, 1.44
13.951, -2.94, 1.44
13.956, -2.94, 1.44
13.961, -2.94, 1.44
13.966, -2.94, 1.44
13.971, -2.94, 1.44
13.976, -2.94, 1.44
13.981, -2.31, 1.38
13.986, -2.31, 1.38
13.991, -2.31, 1.38
13.996, -2.31, 1.38
14.001, -2.31, 1.38
14.006, -2.31, 1.38
14.011, -2.31, 1.38
14.016, -2.31, 1.38
14.021, -1.69, 1.38
14.026, -1.69, 1.38
14.031, -1.69, 1.38
14.036, -1.69, 1.38
14.041, -1.69, 1.38
14.046, -1.69, 1.38
14.051, -1.69, 1.38
14.056, -1.69, 1.38
14.061, -1.06, 1.31
14.066, -1.06, 1.31
14.071, -1.06, 1.31
14.076, -1.06, 1.31
14.081, -1.06, 1.31
14.086, -1.06, 1.31
14.091, -1.06, 1.31
14.096, -1.06, 1.31
14.101, -0.56, 1.31
14.106, -0.56, 1.31
14.112, -0.56, 1.31
14.117, -0.56, 1.31
14.121, -0.56, 1.31
14.127, -0.56, 1.31
14.132, -0.56, 1.31
14.137, -0.56, 1.31
14.142, -0.12, 1.31
14.147, -0.12, 1.31
14.152, -0.12, 1.31
14.157, -0.12, 1.31
14.162, -0.12, 1.31
14.167, -0.12, 1.31
14.172, -0.12, 1.31
14.177, -0.12, 1.31
14.182, 0.19, 1.31
14.187, 0.19, 1.31
14.192, 0.19, 1.31
14.197, 0.19, 1.31
14.202, 0.19, 1.31
14.207, 0.19, 1.31
14.212, 0.19, 1.31
14.217, 0.19, 1.31
14.222, 0.31, 1.44
14.227, 0.31, 1.44
14.232, 0.31, 1.44
14.237, 0.31, 1.44
14.242, 0.31, 1.44
14.247, 0.31, 1.44
14.252, 0.31, 1.44
14.257, 0.31, 1.44
14.262, 0.31, 1.44
14.267, 0.31, 1.44
14.272, 0.31, 1.44
14.277, 0.31, 1.44
14.282, 0.31, 1.44
14.287, 0.31, 1.44
14.292, 0.31, 1.44
14.297, 0.31, 1.44
14.302, 0.31, 1.50
14.308, 0.31, 1.50
14.313, 0.31, 1.50
14.317, 0.31, 1.50
14.322, 0.31, 1.50
14.327, 0.31, 1.50
14.332, 0.31, 1.50
14.337, 0.31, 1.50
14.342, 0.31, 1.50
14.347, 0.31, 1.50
14.352, 0.31, 1.50
14.357, 0.31, 1.50
14.362, 0.31, 1.50
14.367, 0.31, 1.50
14.373, 0.31, 1.50
14.378, 0.31, 1.50
14.383, 0.38, 1.56
14.387, 0.38, 1.56
14.393, 0.38, 1.56
14.397, 0.38, 1.56
14.402, 0.38, 1.56
14.407, 0.38, 1.56
14.412, 0.38, 1.56
14.417, 0.38, 1.56
14.422, 0.50, 1.62
14.427, 0.50, 1.62
14.432, 0.50, 1.62
14.437, 0.50, 1.62
14.443, 0.50, 1.62
14.448, 0.50, 1.62
14.453, 0.50, 1.62
14.458, 0.50, 1.62
14.463, 0.50, 1.69
14.468, 0.50, 1.69
14.473, 0.50, 1.69
14.478, 0.50, 1.69
14.483, 0.50, 1.69
14.488, 0.50, 1.69
14.493, 0.50, 1.69
14.498, 0.50, 1.69
14.503, 0.56, 1.69
14.508, 0.56, 1.69
14.513, 0.56, 1.69
14.518, 0.56, 1.69
14.523, 0.56, 1.69
14.528, 0.56, 1.69
14.533, 0.56, 1.69
14.538, 0.56, 1.69
14.543, 0.62, 1.81
14.548, 0.62, 1.81
14.553, 0.62, 1.81
14.558, 0.62, 1.81
14.563, 0.62, 1.81
14.568, 0.62, 1.81
14.573, 0.62, 1.81
14.578, 0.62, 1.81
14.583, 0.69, 1.81
14.588, 0.69, 1.81
14.593, 0.69, 1.81
14.598, 0.69, 1.81
14.603, 0.69, 1.81
14.608, 0.69, 1.81
14.613, 0.69, 1.81
14.618, 0.69, 1.81
14.623, 0.69, 1.81
14.628, 0.69, 1.81
14.633, 0.69, 1.81
14.638, 0.69, 1.81
14.643, 0.69, 1.81
14.648, 0.69, 1.81
14.654, 0.69, 1.81
14.658, 0.69, 1.81
14.664, 0.62, 1.75
14.669, 0.62, 1.75
14.674, 0.62, 1.75
14.679, 0.62, 1.75
14.684, 0.62, 1.75
14.689, 0.62, 1.75
14.694, 0.62, 1.81
14.699, 0.62, 1.81
14.704, 0.62, 1.81
14.709, 0.62, 1.81
14.714, 0.62, 1.81
14.719, 0.62, 1.81
14.724, 0.62, 1.81
14.729, 0.62, 1.81
14.734, 0.62, 1.81
14.739, 0.62, 1.81
14.744, 0.69, 1.81
14.749, 0.69, 1.81
14.754, 0.69, 1.81
14.762, 0.69, 1.81
14.764, 0.69, 1.81
14.771, 0.69, 1.81
14.774, 0.62, 1.75
14.779, 0.62, 1.75
14.784, 0.62, 1.75
14.789, 0.62, 1.75
14.794, 0.62, 1.75
14.799, 0.62, 1.75
14.804, 0.62, 1.75
14.809, 0.62, 1.75
14.814, 0.62, 1.75
14.819, 0.62, 1.75
14.824, 0.62, 1.75
14.829, 0.62, 1.75
14.834, 0.62, 1.75
14.839, 0.62, 1.75
14.844, 0.62, 1.75
14.849, 0.62, 1.75
14.854, 0.62, 1.81
14.860, 0.62, 1.81
14.865, 0.62, 1.81
14.870, 0.62, 1.81
14.875, 0.62, 1.81
14.880, 0.62, 1.81
14.884, 0.62, 1.81
14.890, 0.62, 1.81
14.894, 0.62, 1.81
14.899, 0.62, 1.81
14.904, 0.62, 1.81
14.909, 0.62, 1.81
14.914, 0.62, 1.81
14.919, 0.62, 1.81
14.924, 0.62, 1.81
14.929, 0.62, 1.81
14.934, 0.69, 1.75
14.940, 0.69, 1.75
14.944, 0.69, 1.75
14.949, 0.69, 1.75
14.954, 0.69, 1.75
14.959, 0.69, 1.75
14.964, 0.69, 1.75
14.970, 0.69, 1.75
14.974, 0.69, 1.75
14.980, 0.69, 1.75
14.985, 0.69, 1.75
14.990, 0.69, 1.75
14.995, 0.69, 1.75
15.000, 0.69, 1.75
15.005, 0.69, 1.75
15.010, 0.69, 1.75
15.015, 0.69, 1.81
15.020, 0.69, 1.81
15.025, 0.69, 1.81
15.030, 0.69, 1.81
15.035, 0.69, 1.81
15.040, 0.69, 1.81
15.045, 0.69, 1.81
15.050, 0.69, 1.81
15.055, 0.69, 1.81
15.060, 0.69, 1.81
15.065, 0.69, 1.81
15.070, 0.69, 1.81
15.075, 0.69, 1.81
15.080, 0.69, 1.81
15.085, 0.69, 1.81
15.090, 0.69, 1.81
15.095, 0.69, 1.81
15.100, 0.69, 1.81
15.105, 0.69, 1.81
15.110, 0.69, 1.81
15.115, 0.69, 1.81
15.120, 0.69, 1.81
15.125, 0.69, 1.81
15.130, 0.69, 1.81
15.135, 0.69, 1.81
15.140, 0.69, 1.81
15.145, 0.69, 1.81
15.150, 0.69, 1.81
15.155, 0.69, 1.81
15.160, 0.69, 1.81
15.165, 0.69, 1.81
15.170, 0.69, 1.81
15.175, 0.69, 1.81
15.180, 0.69, 1.81
15.185, 0.69, 1.81
15.190, 0.69, 1.81
15.195, 0.69, 1.81
15.200, 0.69, 1.81
15.205, 0.69, 1.81
15.210, 0.69, 1.81
15.215, 0.69, 1.81
15.220, 0.69, 1.81
15.225, 0.69, 1.81
15.231, 0.69, 1.81
15.236, 0.69, 1.81
15.241, 0.69, 1.81
15.246, 0.69, 1.81
15.251, 0.69, 1.81
15.256, 0.69, 1.81
15.261, 0.69, 1.81
15.266, 0.69, 1.81
15.271, 0.69, 1.81
15.276, 0.69, 1.81
15.281, 0.69, 1.81
15.286, 0.69, 1.81
15.291, 0.69, 1.81
15.296, 0.69, 1.81
15.301, 0.69, 1.81
15.306, 0.69, 1.81
15.311, 0.69, 1.81
15.316, 0.69, 1.81
15.321, 0.69, 1.81
15.326, 0.69, 1.81
15.331, 0.69, 1.81
15.336, 0.69, 1.81
15.341, 0.69, 1.81
15.346, 0.69, 1.81
15.351, 0.69, 1.81
15.356, 0.69, 1.81
15.361, 0.69, 1.81
15.366, 0.69, 1.81
15.371, 0.69, 1.81
15.376, 0.69, 1.81
15.381, 0.69, 1.81
15.386, 0.69, 1.81
15.391, 0.69, 1.81
15.396, 0.69, 1.81
15.401, 0.69, 1.81
15.406, 0.69, 1.81
15.412, 0.69, 1.81
15.417, 0.75, 1.81
15.422, 0.75, 1.81
15.427, 0.75, 1.81
15.432, 0.75, 1.81
15.436, 0.75, 1.81
15.441, 0.75, 1.81
15.446, 0.75, 1.81
15.451, 0.75, 1.81
15.456, 0.75, 1.81
15.461, 0.75, 1.81
15.466, 0.75, 1.81
15.471, 0.75, 1.81
15.476, 0.75, 1.81
15.481, 0.75, 1.81
15.486, 0.75, 1.81
15.491, 0.75, 1.81
15.496, 0.75, 1.81
15.501, 0.75, 1.81
15.506, 0.75, 1.81
15.511, 0.75, 1.81
15.517, 0.75, 1.81
15.522, 0.75, 1.81
15.526, 0.75, 1.81
15.532, 0.75, 1.81
15.537, 0.75, 1.81
15.542, 0.75, 1.81
15.547, 0.75, 1.81
15.552, 0.75, 1.81
15.557, 0.75, 1.81
15.562, 0.75, 1.81
15.567, 0.75, 1.81
15.572, 0.75, 1.81
15.577, 0.75, 1.81
15.582, 0.75, 1.81
15.587, 0.75, 1.81
15.592, 0.75, 1.81
15.598, 0.75, 1.81
15.602, 0.75, 1.81
15.607, 0.75, 1.81
15.612, 0.75, 1.81
15.617, 0.75, 1.81
15.622, 0.75, 1.81
15.627, 0.75, 1.81
15.632, 0.75, 1.81
15.637, 0.75, 1.81
15.642, 0.75, 1.81
15.647, 0.75, 1.81
15.652, 0.75, 1.81
15.657, 0.75, 1.81
15.662, 0.75, 1.81
15.667, 0.75, 1.81
15.672, 0.75, 1.81
15.677, 0.75, 1.81
15.682, 0.75, 1.81
15.687, 0.75, 1.81
15.692, 0.75, 1.81
15.697, 0.75, 1.81
15.702, 0.75, 1.81
15.707, 0.75, 1.81
15.712, 0.75, 1.81
15.717, 0.75, 1.81
15.722, 0.75, 1.81
15.727, 0.75, 1.81
15.733, 0.75, 1.81
15.737, 0.75, 1.81
15.742, 0.75, 1.81
15.748, 0.75, 1.81
15.753, 0.75, 1.81
15.757, 0.75, 1.81
15.767, 0.75, 1.81
15.768, 0.75, 1.81
15.772, 0.75, 1.81
15.777, 0.75, 1.81
15.783, 0.75, 1.81
15.788, 0.75, 1.81
15.793, 0.75, 1.81
15.798, 0.75, 1.81
15.803, 0.75, 1.81
15.808, 0.75, 1.81
15.813, 0.75, 1.81
15.818, 0.75, 1.81
15.823, 0.75, 1.81
15.828, 0.75, 1.81
15.833, 0.75, 1.81
15.838, 0.75, 1.81
15.843, 0.75, 1.81
15.848, 0.75, 1.81
15.853, 0.75, 1.81
15.858, 0.75, 1.81
15.863, 0.75, 1.81
15.868, 0.75, 1.81
15.873, 0.75, 1.81
15.878, 0.75, 1.81
15.883, 0.75, 1.81
15.888, 0.75, 1.81
15.893, 0.75, 1.81
15.898, 0.75, 1.81
15.903, 0.75, 1.81
15.908, 0.75, 1.81
15.913, 0.75, 1.81
15.918, 0.75, 1.81
15.923, 0.75, 1.81
15.928, 0.75, 1.81
15.933, 0.75, 1.81
15.938, 0.75, 1.81
15.943, 0.75, 1.81
15.948, 0.75, 1.81
15.953, 0.75, 1.81
15.958, 0.75, 1.81
15.963, 0.75, 1.81
15.969, 0.75, 1.81
15.974, 0.75, 1.81
15.979, 0.75, 1.81
15.984, 0.75, 1.81
15.989, 0.75, 1.81
15.994, 0.75, 1.81
15.999, 0.75, 1.81
16.003, 0.75, 1.81
16.009, 0.75, 1.81
16.014, 0.75, 1.81
16.019, 0.75, 1.81
16.024, 0.75, 1.81
16.029, 0.75, 1.81
16.034, 0.75, 1.81
16.039, 0.75, 1.81
16.043, 0.75, 1.81
16.049, 0.75, 1.81
16.054, 0.75, 1.81
16.059, 0.75, 1.81
16.064, 0.75, 1.81
16.069, 0.75, 1.81
16.074, 0.75, 1.81
16.079, 0.75, 1.81
16.084, 0.75, 1.81
16.089, 0.75, 1.81
16.094, 0.75, 1.81
16.099, 0.75, 1.81
16.104, 0.75, 1.81
16.109, 0.75, 1.81
16.114, 0.75, 1.81
16.119, 0.75, 1.81
16.124, 0.75, 1.81
16.129, 0.75, 1.81
16.134, 0.75, 1.81
16.139, 0.75, 1.81
16.144, 0.75, 1.81
16.149, 0.75, 1.81
16.154, 0.75, 1.81
16.159, 0.75, 1.81
16.164, 0.75, 1.81
16.169, 0.75, 1.81
16.174, 0.75, 1.81
16.179, 0.75, 1.81
16.184, 0.75, 1.81
16.189, 0.75, 1.81
16.194, 0.75, 1.81
16.199, 0.75, 1.81
16.204, 0.75, 1.81
16.209, 0.75, 1.81
16.214, 0.75, 1.81
16.219, 0.75, 1.81
16.224, 0.75, 1.81
16.229, 0.75, 1.81
16.234, 0.75, 1.81
16.239, 0.75, 1.81
16.244, 0.75, 1.81
16.249, 0.75, 1.81
16.254, 0.75, 1.81
16.259, 0.75, 1.81
16.264, 0.75, 1.81
16.269, 0.75, 1.81
16.274, 0.75, 1.81
16.280, 0.75, 1.81
16.284, 0.75, 1.81
16.289, 0.75, 1.81
16.294, 0.75, 1.81
16.300, 0.75, 1.81
16.304, 0.75, 1.81
16.310, 0.75, 1.81
16.315, 0.75, 1.81
16.320, 0.75, 1.81
16.324, 0.75, 1.81
16.330, 0.75, 1.81
16.335, 0.75, 1.81
16.340, 0.75, 1.81
16.345, 0.75, 1.81
16.350, 0.75, 1.81
16.355, 0.75, 1.81
16.360, 0.75, 1.81
16.365, 0.75, 1.81
16.370, 0.75, 1.81
16.375, 0.75, 1.81
16.380, 0.75, 1.81
16.385, 0.75, 1.81
16.390, 0.75, 1.81
16.395, 0.75, 1.81
16.400, 0.75, 1.81
16.405, 0.75, 1.81
16.410, 0.75, 1.81
16.415, 0.75, 1.81
16.420, 0.75, 1.81
16.425, 0.75, 1.81
16.430, 0.75, 1.81
16.435, 0.75, 1.81
16.440, 0.75, 1.81
16.445, 0.75, 1.81
16.450, 0.75, 1.81
16.455, 0.75, 1.81
16.460, 0.75, 1.81
16.465, 0.75, 1.81
16.470, 0.75, 1.81
16.475, 0.75, 1.81
16.480, 0.75, 1.81
16.485, 0.75, 1.81
16.490, 0.75, 1.81
16.495, 0.75, 1.81
16.500, 0.75, 1.81
16.505, 0.75, 1.81
16.510, 0.75, 1.81
16.515, 0.75, 1.81
16.521, 0.75, 1.81
16.526, 0.75, 1.81
16.531, 0.75, 1.81
16.536, 0.75, 1.81
16.541, 0.75, 1.81
16.546, 0.75, 1.81
16.551, 0.75, 1.81
16.555, 0.75, 1.81
16.561, 0.75, 1.81
16.566, 0.75, 1.81
16.571, 0.75, 1.81
16.575, 0.75, 1.81
16.581, 0.75, 1.81
16.586, 0.75, 1.81
16.591, 0.75, 1.81
16.596, 0.75, 1.81
16.601, 0.75, 1.81
16.606, 0.75, 1.81
16.611, 0.75, 1.81
16.616, 0.75, 1.81
16.621, 0.75, 1.81
16.626, 0.75, 1.81
16.631, 0.75, 1.81
16.636, 0.75, 1.81
16.641, 0.75, 1.81
16.646, 0.75, 1.81
16.651, 0.75, 1.81
16.656, 0.75, 1.81
16.661, 0.75, 1.81
16.666, 0.75, 1.81
16.671, 0.75, 1.81
16.676, 0.75, 1.81
16.681, 0.75, 1.81
16.686, 0.75, 1.81
16.691, 0.75, 1.81
16.696, 0.75, 1.81
16.702, 0.75, 1.81
16.706, 0.75, 1.81
16.712, 0.75, 1.81
16.716, 0.75, 1.81
16.721, 0.75, 1.81
16.726, 0.75, 1.81
16.731, 0.75, 1.81
16.736, 0.75, 1.81
16.741, 0.75, 1.81
16.746, 0.75, 1.81
16.751, 0.75, 1.81
16.756, 0.75, 1.81
16.763, 0.75, 1.81
16.767, 0.75, 1.81
16.771, 0.75, 1.81
16.776, 0.75, 1.81
16.781, 0.75, 1.81
16.786, 0.75, 1.81
16.791, 0.75, 1.81
16.796, 0.75, 1.81
16.801, 0.75, 1.81
16.806, 0.75, 1.81
16.812, 0.75, 1.81
16.817, 0.75, 1.81
16.822, 0.75, 1.81
16.826, 0.75, 1.81
16.832, 0.75, 1.81
16.837, 0.75, 1.81
16.842, 0.75, 1.81
16.847, 0.75, 1.81
16.852, 0.75, 1.81
16.857, 0.75, 1.81
16.862, 0.75, 1.81
16.867, 0.75, 1.81
16.872, 0.75, 1.81
16.877, 0.75, 1.81
16.882, 0.75, 1.81
16.887, 0.75, 1.81
16.892, 0.75, 1.81
16.897, 0.75, 1.81
16.902, 0.75, 1.81
16.907, 0.75, 1.81
16.912, 0.75, 1.81
16.917, 0.75, 1.81
16.922, 0.75, 1.81
16.927, 0.75, 1.81
16.932, 0.75, 1.81
16.937, 0.75, 1.81
16.942, 0.75, 1.81
16.947, 0.75, 1.81
16.952, 0.75, 1.81
16.957, 0.75, 1.81
16.962, 0.75, 1.81
16.967, 0.75, 1.81
16.972, 0.75, 1.81
16.977, 0.75, 1.81
16.982, 0.75, 1.81
16.987, 0.75, 1.81
16.992, 0.75, 1.81
16.997, 0.75, 1.81
17.002, 0.75, 1.81
17.007, 0.75, 1.81
17.012, 0.75, 1.81
17.017, 0.75, 1.81
17.022, 0.75, 1.81
17.027, 0.75, 1.81
17.032, 0.75, 1.81
17.037, 0.75, 1.81
17.042, 0.75, 1.81
17.047, 0.75, 1.81
17.052, 0.75, 1.81
17.057, 0.75, 1.81
17.062, 0.75, 1.81
17.067, 0.75, 1.81
17.073, 0.75, 1.81
17.078, 0.75, 1.81
17.083, 0.75, 1.81
17.088, 0.75, 1.81
17.093, 0.75, 1.81
17.098, 0.75, 1.81
17.103, 0.75, 1.81
17.107, 0.75, 1.81
17.112, 0.75, 1.81
17.117, 0.75, 1.81
17.122, 0.75, 1.81
17.127, 0.75, 1.81
17.133, 0.75, 1.81
17.138, 0.75, 1.81
17.143, 0.75, 1.81
17.148, 0.75, 1.81
17.153, 0.75, 1.81
17.158, 0.75, 1.81
17.163, 0.75, 1.81
17.168, 0.75, 1.81
17.173, 0.75, 1.81
17.178, 0.75, 1.81
17.183, 0.75, 1.81
17.188, 0.75, 1.81
17.193, 0.75, 1.81
17.198, 0.75, 1.81
17.203, 0.75, 1.81
17.208, 0.75, 1.81
17.213, 0.75, 1.81
17.218, 0.75, 1.81
17.223, 0.75, 1.81
17.228, 0.75, 1.81
17.233, 0.75, 1.81
17.238, 0.75, 1.81
17.243, 0.75, 1.81
17.248, 0.75, 1.81
17.253, 0.75, 1.81
17.258, 0.75, 1.81
17.263, 0.75, 1.81
17.268, 0.75, 1.81
17.273, 0.75, 1.81
17.278, 0.75, 1.81
17.283, 0.75, 1.81
17.288, 0.75, 1.81
17.293, 0.75, 1.81
17.298, 0.75, 1.81
17.303, 0.75, 1.81
17.308, 0.75, 1.81
17.313, 0.75, 1.81
17.318, 0.75, 1.81
17.323, 0.75, 1.81
17.328, 0.75, 1.81
17.333, 0.75, 1.81
17.338, 0.75, 1.81
17.343, 0.75, 1.81
17.348, 0.75, 1.81
17.353, 0.75, 1.81
17.358, 0.75, 1.81
17.363, 0.75, 1.81
17.368, 0.75, 1.81
17.373, 0.75, 1.81
17.378, 0.75, 1.81
17.383, 0.75, 1.81
17.388, 0.75, 1.81
17.393, 0.75, 1.81
17.398, 0.75, 1.81
17.403, 0.75, 1.81
17.408, 0.75, 1.81
17.413, 0.75, 1.81
17.418, 0.75, 1.81
17.424, 0.75, 1.81
17.429, 0.75, 1.81
17.434, 0.75, 1.81
17.439, 0.75, 1.81
17.444, 0.75, 1.81
17.449, 0.75, 1.81
17.454, 0.75, 1.81
17.459, 0.75, 1.81
17.464, 0.75, 1.81
17.469, 0.75, 1.81
17.474, 0.75, 1.81
17.479, 0.75, 1.81
17.484, 0.75, 1.81
17.489, 0.75, 1.81
17.494, 0.75, 1.81
17.499, 0.75, 1.81
17.504, 0.75, 1.81
17.509, 0.75, 1.81
17.514, 0.75, 1.81
17.519, 0.75, 1.81
17.524, 0.75, 1.81
17.529, 0.75, 1.81
17.534, 0.75, 1.81
17.539, 0.75, 1.81
17.544, 0.75, 1.81
17.549, 0.75, 1.81
17.554, 0.75, 1.81
17.559, 0.75, 1.81
17.564, 0.75, 1.81
17.569, 0.75, 1.81
17.574, 0.75, 1.81
17.579, 0.75, 1.81
17.584, 0.75, 1.81
17.589, 0.75, 1.81
17.594, 0.75, 1.81
17.599, 0.75, 1.81
17.604, 0.75, 1.81
17.609, 0.75, 1.81
17.614, 0.75, 1.81
17.619, 0.75, 1.81
17.625, 0.75, 1.81
17.630, 0.75, 1.81
17.635, 0.75, 1.81
17.640, 0.75, 1.81
17.645, 0.75, 1.81
17.650, 0.75, 1.81
17.655, 0.75, 1.81
17.660, 0.75, 1.81
17.664, 0.75, 1.81
17.670, 0.75, 1.81
17.675, 0.75, 1.81
17.680, 0.75, 1.81
17.685, 0.75, 1.81
17.690, 0.75, 1.81
17.695, 0.75, 1.81
17.700, 0.75, 1.81
17.705, 0.75, 1.81
17.710, 0.75, 1.81
17.715, 0.75, 1.81
17.720, 0.75, 1.81
17.725, 0.75, 1.81
17.730, 0.75, 1.81
17.735, 0.75, 1.81
17.740, 0.75, 1.81
17.745, 0.75, 1.81
17.750, 0.75, 1.81
17.755, 0.75, 1.81
17.760, 0.75, 1.81
17.765, 0.75, 1.81
17.770, 0.75, 1.81
17.775, 0.75, 1.81
17.780, 0.75, 1.81
17.785, 0.75, 1.81
17.790, 0.75, 1.81
17.795, 0.75, 1.81
17.800, 0.75, 1.81
17.806, 0.75, 1.81
17.811, 0.75, 1.81
17.816, 0.75, 1.81
17.821, 0.75, 1.81
17.826, 0.75, 1.81
17.830, 0.75, 1.81
17.835, 0.75, 1.81
17.840, 0.75, 1.81
17.845, 0.75, 1.81
17.850, 0.75, 1.81
17.855, 0.75, 1.81
17.860, 0.75, 1.81
17.865, 0.75, 1.81
17.870, 0.75, 1.81
17.875, 0.75, 1.81
17.880, 0.75, 1.81
17.886, 0.75, 1.81
17.890, 0.75, 1.81
17.895, 0.75, 1.81
17.900, 0.75, 1.81
17.906, 0.75, 1.81
17.911, 0.75, 1.81
17.915, 0.75, 1.81
17.921, 0.75, 1.81
17.926, 0.75, 1.81
17.931, 0.75, 1.81
17.936, 0.75, 1.81
17.941, 0.75, 1.81
17.946, 0.75, 1.81
17.951, 0.75, 1.81
17.956, 0.75, 1.81
17.961, 0.75, 1.81
17.966, 0.75, 1.81
17.971, 0.75, 1.81
17.976, 0.75, 1.81
17.981, 0.75, 1.81
17.986, 0.75, 1.81
17.991, 0.75, 1.81
17.996, 0.75, 1.81
18.001, 0.75, 1.81
18.006, 0.75, 1.81
18.011, 0.75, 1.81
18.016, 0.75, 1.81
18.021, 0.75, 1.81
18.026, 0.75, 1.81
18.031, 0.75, 1.81
18.036, 0.75, 1.81
18.041, 0.75, 1.81
18.046, 0.75, 1.81
18.051, 0.75, 1.81
18.056, 0.75, 1.81
18.061, 0.75, 1.81
18.066, 0.75, 1.81
18.071, 0.75, 1.81
18.076, 0.75, 1.81
18.081, 0.75, 1.81
18.086, 0.75, 1.81
18.091, 0.75, 1.81
18.096, 0.75, 1.81
18.101, 0.75, 1.81
18.106, 0.75, 1.81
18.111, 0.75, 1.81
18.116, 0.75, 1.81
18.121, 0.75, 1.81
18.126, 0.75, 1.81
18.131, 0.75, 1.81
18.136, 0.75, 1.81
18.141, 0.75, 1.81
18.146, 0.75, 1.81
18.151, 0.75, 1.81
18.156, 0.75, 1.81
18.162, 0.75, 1.81
18.166, 0.75, 1.81
18.171, 0.75, 1.81
18.177, 0.75, 1.81
18.182, 0.75, 1.81
18.187, 0.75, 1.81
18.192, 0.75, 1.81
18.197, 0.75, 1.81
18.202, 0.75, 1.81
18.207, 0.75, 1.81
18.212, 0.75, 1.81
18.217, 0.75, 1.81
18.222, 0.75, 1.81
18.227, 0.75, 1.81
18.232, 0.75, 1.81
18.237, 0.75, 1.81
18.242, 0.75, 1.81
18.247, 0.75, 1.81
18.252, 0.75, 1.81
18.257, 0.75, 1.81
18.262, 0.75, 1.81
18.267, 0.75, 1.81
18.272, 0.75, 1.81
18.277, 0.75, 1.81
18.282, 0.75, 1.81
18.287, 0.75, 1.81
18.292, 0.75, 1.81
18.297, 0.75, 1.81
18.302, 0.75, 1.81
18.307, 0.75, 1.81
18.312, 0.75, 1.81
18.317, 0.75, 1.81
18.322, 0.75, 1.81
18.327, 0.75, 1.81
18.332, 0.75, 1.81
18.337, 0.75, 1.81
18.342, 0.75, 1.81
18.347, 0.75, 1.81
18.352, 0.75, 1.81
18.358, 0.75, 1.81
18.363, 0.75, 1.81
18.368, 0.75, 1.81
18.373, 0.75, 1.81
18.378, 0.75, 1.81
18.383, 0.75, 1.81
18.387, 0.75, 1.81
18.392, 0.75, 1.81
18.397, 0.75, 1.81
18.403, 0.75, 1.81
18.407, 0.75, 1.81
18.412, 0.75, 1.81
18.417, 0.75, 1.81
18.422, 0.75, 1.81
18.427, 0.75, 1.81
18.432, 0.75, 1.81
18.438, 0.75, 1.81
18.443, 0.75, 1.81
18.448, 0.75, 1.81
18.452, 0.75, 1.81
18.458, 0.75, 1.81
18.462, 0.75, 1.81
18.467, 0.75, 1.81
18.472, 0.75, 1.81
18.477, 0.75, 1.81
18.483, 0.75, 1.81
18.488, 0.75, 1.81
18.492, 0.75, 1.81
18.498, 0.75, 1.81
18.503, 0.75, 1.81
18.508, 0.75, 1.81
18.513, 0.75, 1.81
18.518, 0.75, 1.81
18.523, 0.75, 1.81
18.528, 0.75, 1.81
18.533, 0.75, 1.81
18.538, 0.75, 1.81
18.543, 0.75, 1.81
18.548, 0.75, 1.81
18.553, 0.75, 1.81
18.558, 0.75, 1.81
18.563, 0.75, 1.81
18.568, 0.75, 1.81
18.573, 0.75, 1.81
18.578, 0.75, 1.81
18.583, 0.75, 1.81
18.588, 0.75, 1.81
18.593, 0.75, 1.81
18.598, 0.75, 1.81
18.603, 0.75, 1.81
18.608, 0.75, 1.81
18.613, 0.75, 1.81
18.618, 0.75, 1.81
18.623, 0.75, 1.81
18.628, 0.75, 1.81
18.633, 0.75, 1.81
18.638, 0.75, 1.81
18.643, 0.75, 1.81
18.648, 0.75, 1.81
18.653, 0.75, 1.81
18.658, 0.75, 1.81
18.663, 0.75, 1.81
18.668, 0.75, 1.81
18.673, 0.75, 1.81
18.678, 0.75, 1.81
18.683, 0.75, 1.81
18.688, 0.75, 1.81
18.693, 0.75, 1.81
18.698, 0.75, 1.81
18.703, 0.75, 1.81
18.708, 0.75, 1.81
18.713, 0.75, 1.81
18.718, 0.75, 1.81
18.723, 0.75, 1.81
18.729, 0.75, 1.81
18.734, 0.75, 1.81
18.739, 0.75, 1.81
18.744, 0.75, 1.81
18.749, 0.75, 1.81
18.754, 0.75, 1.81
18.766, 0.75, 1.81
18.767, 0.75, 1.81
18.769, 0.75, 1.81
18.774, 0.75, 1.81
18.779, 0.75, 1.81
18.784, 0.75, 1.81
18.789, 0.75, 1.81
18.794, 0.75, 1.81
18.799, 0.75, 1.81
18.804, 0.75, 1.81
18.809, 0.75, 1.81
18.814, 0.75, 1.81
18.819, 0.75, 1.81
18.824, 0.75, 1.81
18.829, 0.75, 1.81
18.834, 0.75, 1.81
